{
  "entity": [
    {
      "_template": "rendinst_replicated",
      "ri_extra__name": "halloween_lighthouse_a",
      "transform": [
        [
          1.0,
          0.0,
          0.0
        ],
        [
          0.0,
          1.0,
          0.0
        ],
        [
          0.0,
          0.0,
          1.0
        ],
        [
          669.321,
          70.5961,
          1863.81
        ]
      ]
    },
    {
      "_template": "omni_light",
      "transform": [
        [
          1.0,
          0.0,
          0.0
        ],
        [
          0.0,
          1.0,
          0.0
        ],
        [
          0.0,
          0.0,
          1.0
        ],
        [
          669.321,
          100.596,
          1863.81
        ]
      ],
      "light__nightly": false,
      "light__brightness": 3500.0,
      "light__radius_scale": 10.0,
      "light__max_radius": 150.0,
      "light__color": [
        50,
        100,
        255,
        255
      ],
      "omni_light__shadows": true
    },
    {
      "_template": "rendinst_replicated",
      "ri_extra__name": "halloween_lighthouse_a",
      "transform": [
        [
          1.0,
          0.0,
          0.0
        ],
        [
          0.0,
          1.0,
          0.0
        ],
        [
          0.0,
          0.0,
          1.0
        ],
        [
          1022.17,
          133.698,
          1762.35
        ]
      ]
    },
    {
      "_template": "omni_light",
      "transform": [
        [
          1.0,
          0.0,
          0.0
        ],
        [
          0.0,
          1.0,
          0.0
        ],
        [
          0.0,
          0.0,
          1.0
        ],
        [
          1022.17,
          163.698,
          1762.35
        ]
      ],
      "light__nightly": false,
      "light__brightness": 3500.0,
      "light__radius_scale": 10.0,
      "light__max_radius": 150.0,
      "light__color": [
        50,
        100,
        255,
        255
      ],
      "omni_light__shadows": true
    },
    {
      "_template": "rendinst_replicated",
      "ri_extra__name": "halloween_lighthouse_a",
      "transform": [
        [
          1.0,
          0.0,
          0.0
        ],
        [
          0.0,
          1.0,
          0.0
        ],
        [
          0.0,
          0.0,
          1.0
        ],
        [
          1408.7,
          88.9076,
          1793.8
        ]
      ]
    },
    {
      "_template": "omni_light",
      "transform": [
        [
          1.0,
          0.0,
          0.0
        ],
        [
          0.0,
          1.0,
          0.0
        ],
        [
          0.0,
          0.0,
          1.0
        ],
        [
          1408.7,
          118.908,
          1793.8
        ]
      ],
      "light__nightly": false,
      "light__brightness": 3500.0,
      "light__radius_scale": 10.0,
      "light__max_radius": 150.0,
      "light__color": [
        50,
        100,
        255,
        255
      ],
      "omni_light__shadows": true
    },
    {
      "_template": "rendinst_replicated",
      "ri_extra__name": "halloween_lighthouse_a",
      "transform": [
        [
          1.0,
          0.0,
          0.0
        ],
        [
          0.0,
          1.0,
          0.0
        ],
        [
          0.0,
          0.0,
          1.0
        ],
        [
          1671.17,
          18.9306,
          1642.03
        ]
      ]
    },
    {
      "_template": "omni_light",
      "transform": [
        [
          1.0,
          0.0,
          0.0
        ],
        [
          0.0,
          1.0,
          0.0
        ],
        [
          0.0,
          0.0,
          1.0
        ],
        [
          1671.17,
          48.9306,
          1642.03
        ]
      ],
      "light__nightly": false,
      "light__brightness": 3500.0,
      "light__radius_scale": 10.0,
      "light__max_radius": 150.0,
      "light__color": [
        50,
        100,
        255,
        255
      ],
      "omni_light__shadows": true
    },
    {
      "_template": "rendinst_replicated",
      "ri_extra__name": "halloween_lighthouse_a",
      "transform": [
        [
          1.0,
          0.0,
          0.0
        ],
        [
          0.0,
          1.0,
          0.0
        ],
        [
          0.0,
          0.0,
          1.0
        ],
        [
          805.229,
          89.2967,
          1877.31
        ]
      ]
    },
    {
      "_template": "omni_light",
      "transform": [
        [
          1.0,
          0.0,
          0.0
        ],
        [
          0.0,
          1.0,
          0.0
        ],
        [
          0.0,
          0.0,
          1.0
        ],
        [
          805.229,
          119.297,
          1877.31
        ]
      ],
      "light__nightly": false,
      "light__brightness": 3500.0,
      "light__radius_scale": 10.0,
      "light__max_radius": 150.0,
      "light__color": [
        50,
        100,
        255,
        255
      ],
      "omni_light__shadows": true
    },
    {
      "_template": "rendinst_replicated",
      "ri_extra__name": "halloween_lighthouse_a",
      "transform": [
        [
          1.0,
          0.0,
          0.0
        ],
        [
          0.0,
          1.0,
          0.0
        ],
        [
          0.0,
          0.0,
          1.0
        ],
        [
          827.163,
          178.427,
          1702.02
        ]
      ]
    },
    {
      "_template": "omni_light",
      "transform": [
        [
          1.0,
          0.0,
          0.0
        ],
        [
          0.0,
          1.0,
          0.0
        ],
        [
          0.0,
          0.0,
          1.0
        ],
        [
          827.163,
          208.427,
          1702.02
        ]
      ],
      "light__nightly": false,
      "light__brightness": 3500.0,
      "light__radius_scale": 10.0,
      "light__max_radius": 150.0,
      "light__color": [
        50,
        100,
        255,
        255
      ],
      "omni_light__shadows": true
    },
    {
      "_template": "rendinst_replicated",
      "ri_extra__name": "halloween_lighthouse_a",
      "transform": [
        [
          1.0,
          0.0,
          0.0
        ],
        [
          0.0,
          1.0,
          0.0
        ],
        [
          0.0,
          0.0,
          1.0
        ],
        [
          1266.05,
          94.9332,
          1660.25
        ]
      ]
    },
    {
      "_template": "omni_light",
      "transform": [
        [
          1.0,
          0.0,
          0.0
        ],
        [
          0.0,
          1.0,
          0.0
        ],
        [
          0.0,
          0.0,
          1.0
        ],
        [
          1266.05,
          124.933,
          1660.25
        ]
      ],
      "light__nightly": false,
      "light__brightness": 3500.0,
      "light__radius_scale": 10.0,
      "light__max_radius": 150.0,
      "light__color": [
        50,
        100,
        255,
        255
      ],
      "omni_light__shadows": true
    },
    {
      "_template": "rendinst_replicated",
      "ri_extra__name": "halloween_lighthouse_a",
      "transform": [
        [
          1.0,
          0.0,
          0.0
        ],
        [
          0.0,
          1.0,
          0.0
        ],
        [
          0.0,
          0.0,
          1.0
        ],
        [
          1617.71,
          50.8263,
          1988.47
        ]
      ]
    },
    {
      "_template": "omni_light",
      "transform": [
        [
          1.0,
          0.0,
          0.0
        ],
        [
          0.0,
          1.0,
          0.0
        ],
        [
          0.0,
          0.0,
          1.0
        ],
        [
          1617.71,
          80.8263,
          1988.47
        ]
      ],
      "light__nightly": false,
      "light__brightness": 3500.0,
      "light__radius_scale": 10.0,
      "light__max_radius": 150.0,
      "light__color": [
        50,
        100,
        255,
        255
      ],
      "omni_light__shadows": true
    },
    {
      "_template": "rendinst_replicated",
      "ri_extra__name": "halloween_lighthouse_a",
      "transform": [
        [
          1.0,
          0.0,
          0.0
        ],
        [
          0.0,
          1.0,
          0.0
        ],
        [
          0.0,
          0.0,
          1.0
        ],
        [
          1558.99,
          90.442,
          1544.37
        ]
      ]
    },
    {
      "_template": "omni_light",
      "transform": [
        [
          1.0,
          0.0,
          0.0
        ],
        [
          0.0,
          1.0,
          0.0
        ],
        [
          0.0,
          0.0,
          1.0
        ],
        [
          1558.99,
          120.442,
          1544.37
        ]
      ],
      "light__nightly": false,
      "light__brightness": 3500.0,
      "light__radius_scale": 10.0,
      "light__max_radius": 150.0,
      "light__color": [
        50,
        100,
        255,
        255
      ],
      "omni_light__shadows": true
    },
    {
      "_template": "rendinst_replicated",
      "ri_extra__name": "halloween_lighthouse_a",
      "transform": [
        [
          1.0,
          0.0,
          0.0
        ],
        [
          0.0,
          1.0,
          0.0
        ],
        [
          0.0,
          0.0,
          1.0
        ],
        [
          1689.9,
          71.6,
          1462.6
        ]
      ]
    },
    {
      "_template": "omni_light",
      "transform": [
        [
          1.0,
          0.0,
          0.0
        ],
        [
          0.0,
          1.0,
          0.0
        ],
        [
          0.0,
          0.0,
          1.0
        ],
        [
          1689.9,
          101.6,
          1462.6
        ]
      ],
      "light__nightly": false,
      "light__brightness": 3500.0,
      "light__radius_scale": 10.0,
      "light__max_radius": 150.0,
      "light__color": [
        50,
        100,
        255,
        255
      ],
      "omni_light__shadows": true
    },
    {
      "_template": "rendinst_replicated",
      "ri_extra__name": "halloween_lighthouse_a",
      "transform": [
        [
          1.0,
          0.0,
          0.0
        ],
        [
          0.0,
          1.0,
          0.0
        ],
        [
          0.0,
          0.0,
          1.0
        ],
        [
          1496.9,
          99.5,
          1298.7
        ]
      ]
    },
    {
      "_template": "omni_light",
      "transform": [
        [
          1.0,
          0.0,
          0.0
        ],
        [
          0.0,
          1.0,
          0.0
        ],
        [
          0.0,
          0.0,
          1.0
        ],
        [
          1496.9,
          129.5,
          1298.7
        ]
      ],
      "light__nightly": false,
      "light__brightness": 3500.0,
      "light__radius_scale": 10.0,
      "light__max_radius": 150.0,
      "light__color": [
        50,
        100,
        255,
        255
      ],
      "omni_light__shadows": true
    },
    {
      "_template": "rendinst_replicated",
      "ri_extra__name": "halloween_lighthouse_a",
      "transform": [
        [
          1.0,
          0.0,
          0.0
        ],
        [
          0.0,
          1.0,
          0.0
        ],
        [
          0.0,
          0.0,
          1.0
        ],
        [
          1341.65,
          85.392,
          1104.55
        ]
      ]
    },
    {
      "_template": "omni_light",
      "transform": [
        [
          1.0,
          0.0,
          0.0
        ],
        [
          0.0,
          1.0,
          0.0
        ],
        [
          0.0,
          0.0,
          1.0
        ],
        [
          1341.65,
          115.392,
          1104.55
        ]
      ],
      "light__nightly": false,
      "light__brightness": 3500.0,
      "light__radius_scale": 10.0,
      "light__max_radius": 150.0,
      "light__color": [
        50,
        100,
        255,
        255
      ],
      "omni_light__shadows": true
    },
    {
      "_template": "rendinst_replicated",
      "ri_extra__name": "halloween_lighthouse_a",
      "transform": [
        [
          1.0,
          0.0,
          0.0
        ],
        [
          0.0,
          1.0,
          0.0
        ],
        [
          0.0,
          0.0,
          1.0
        ],
        [
          1415.55,
          85.392,
          984.9
        ]
      ]
    },
    {
      "_template": "omni_light",
      "transform": [
        [
          1.0,
          0.0,
          0.0
        ],
        [
          0.0,
          1.0,
          0.0
        ],
        [
          0.0,
          0.0,
          1.0
        ],
        [
          1415.55,
          115.392,
          984.9
        ]
      ],
      "light__nightly": false,
      "light__brightness": 3500.0,
      "light__radius_scale": 10.0,
      "light__max_radius": 150.0,
      "light__color": [
        50,
        100,
        255,
        255
      ],
      "omni_light__shadows": true
    },
    {
      "_template": "rendinst_replicated",
      "ri_extra__name": "halloween_lighthouse_a",
      "transform": [
        [
          1.0,
          0.0,
          0.0
        ],
        [
          0.0,
          1.0,
          0.0
        ],
        [
          0.0,
          0.0,
          1.0
        ],
        [
          1399.9,
          99.4,
          867.05
        ]
      ]
    },
    {
      "_template": "omni_light",
      "transform": [
        [
          1.0,
          0.0,
          0.0
        ],
        [
          0.0,
          1.0,
          0.0
        ],
        [
          0.0,
          0.0,
          1.0
        ],
        [
          1399.9,
          129.4,
          867.05
        ]
      ],
      "light__nightly": false,
      "light__brightness": 3500.0,
      "light__radius_scale": 10.0,
      "light__max_radius": 150.0,
      "light__color": [
        50,
        100,
        255,
        255
      ],
      "omni_light__shadows": true
    },
    {
      "_template": "rendinst_replicated",
      "ri_extra__name": "halloween_lighthouse_a",
      "transform": [
        [
          1.0,
          0.0,
          0.0
        ],
        [
          0.0,
          1.0,
          0.0
        ],
        [
          0.0,
          0.0,
          1.0
        ],
        [
          1504.8,
          89.05,
          613.25
        ]
      ]
    },
    {
      "_template": "omni_light",
      "transform": [
        [
          1.0,
          0.0,
          0.0
        ],
        [
          0.0,
          1.0,
          0.0
        ],
        [
          0.0,
          0.0,
          1.0
        ],
        [
          1504.8,
          119.05,
          613.25
        ]
      ],
      "light__nightly": false,
      "light__brightness": 3500.0,
      "light__radius_scale": 10.0,
      "light__max_radius": 150.0,
      "light__color": [
        50,
        100,
        255,
        255
      ],
      "omni_light__shadows": true
    },
    {
      "_template": "rendinst_replicated",
      "ri_extra__name": "halloween_lighthouse_a",
      "transform": [
        [
          1.0,
          0.0,
          0.0
        ],
        [
          0.0,
          1.0,
          0.0
        ],
        [
          0.0,
          0.0,
          1.0
        ],
        [
          1445.75,
          84.15,
          395.6
        ]
      ]
    },
    {
      "_template": "omni_light",
      "transform": [
        [
          1.0,
          0.0,
          0.0
        ],
        [
          0.0,
          1.0,
          0.0
        ],
        [
          0.0,
          0.0,
          1.0
        ],
        [
          1445.75,
          114.15,
          395.6
        ]
      ],
      "light__nightly": false,
      "light__brightness": 3500.0,
      "light__radius_scale": 10.0,
      "light__max_radius": 150.0,
      "light__color": [
        50,
        100,
        255,
        255
      ],
      "omni_light__shadows": true
    },
    {
      "_template": "rendinst_replicated",
      "ri_extra__name": "halloween_lighthouse_a",
      "transform": [
        [
          1.0,
          0.0,
          0.0
        ],
        [
          0.0,
          1.0,
          0.0
        ],
        [
          0.0,
          0.0,
          1.0
        ],
        [
          1652.9,
          26.1,
          289.35
        ]
      ]
    },
    {
      "_template": "omni_light",
      "transform": [
        [
          1.0,
          0.0,
          0.0
        ],
        [
          0.0,
          1.0,
          0.0
        ],
        [
          0.0,
          0.0,
          1.0
        ],
        [
          1652.9,
          56.1,
          289.35
        ]
      ],
      "light__nightly": false,
      "light__brightness": 3500.0,
      "light__radius_scale": 10.0,
      "light__max_radius": 150.0,
      "light__color": [
        50,
        100,
        255,
        255
      ],
      "omni_light__shadows": true
    },
    {
      "_template": "rendinst_replicated",
      "ri_extra__name": "halloween_lighthouse_a",
      "transform": [
        [
          1.0,
          0.0,
          0.0
        ],
        [
          0.0,
          1.0,
          0.0
        ],
        [
          0.0,
          0.0,
          1.0
        ],
        [
          1643.65,
          44.642,
          133.75
        ]
      ]
    },
    {
      "_template": "omni_light",
      "transform": [
        [
          1.0,
          0.0,
          0.0
        ],
        [
          0.0,
          1.0,
          0.0
        ],
        [
          0.0,
          0.0,
          1.0
        ],
        [
          1643.65,
          74.642,
          133.75
        ]
      ],
      "light__nightly": false,
      "light__brightness": 3500.0,
      "light__radius_scale": 10.0,
      "light__max_radius": 150.0,
      "light__color": [
        50,
        100,
        255,
        255
      ],
      "omni_light__shadows": true
    },
    {
      "_template": "rendinst_replicated",
      "ri_extra__name": "halloween_lighthouse_a",
      "transform": [
        [
          1.0,
          0.0,
          0.0
        ],
        [
          0.0,
          1.0,
          0.0
        ],
        [
          0.0,
          0.0,
          1.0
        ],
        [
          2569.35,
          180.7,
          -2218.15
        ]
      ]
    },
    {
      "_template": "omni_light",
      "transform": [
        [
          1.0,
          0.0,
          0.0
        ],
        [
          0.0,
          1.0,
          0.0
        ],
        [
          0.0,
          0.0,
          1.0
        ],
        [
          2569.35,
          210.7,
          -2218.15
        ]
      ],
      "light__nightly": false,
      "light__brightness": 3500.0,
      "light__radius_scale": 10.0,
      "light__max_radius": 150.0,
      "light__color": [
        50,
        100,
        255,
        255
      ],
      "omni_light__shadows": true
    },
    {
      "_template": "rendinst_replicated",
      "ri_extra__name": "halloween_lighthouse_a",
      "transform": [
        [
          1.0,
          0.0,
          0.0
        ],
        [
          0.0,
          1.0,
          0.0
        ],
        [
          0.0,
          0.0,
          1.0
        ],
        [
          1906.85,
          84.45,
          87.15
        ]
      ]
    },
    {
      "_template": "omni_light",
      "transform": [
        [
          1.0,
          0.0,
          0.0
        ],
        [
          0.0,
          1.0,
          0.0
        ],
        [
          0.0,
          0.0,
          1.0
        ],
        [
          1906.85,
          114.45,
          87.15
        ]
      ],
      "light__nightly": false,
      "light__brightness": 3500.0,
      "light__radius_scale": 10.0,
      "light__max_radius": 150.0,
      "light__color": [
        50,
        100,
        255,
        255
      ],
      "omni_light__shadows": true
    },
    {
      "_template": "omni_light",
      "transform": [
        [
          0.990697,
          0.0,
          -0.136083
        ],
        [
          0.0,
          1.0,
          0.0
        ],
        [
          0.136083,
          0.0,
          0.990697
        ],
        [
          1321.1,
          159.65,
          -2908.05
        ]
      ],
      "light__nightly": false,
      "light__brightness": 3500.0,
      "light__radius_scale": 10.0,
      "light__max_radius": 150.0,
      "light__color": [
        50,
        100,
        255,
        255
      ],
      "omni_light__shadows": true
    },
    {
      "_template": "rendinst_replicated",
      "ri_extra__name": "halloween_lighthouse_a",
      "transform": [
        [
          0.990697,
          0.0,
          -0.136083
        ],
        [
          0.0,
          1.0,
          0.0
        ],
        [
          0.136083,
          0.0,
          0.990697
        ],
        [
          1298.25,
          12.35,
          -3073.4
        ]
      ]
    },
    {
      "_template": "omni_light",
      "transform": [
        [
          0.990697,
          0.0,
          -0.136083
        ],
        [
          0.0,
          1.0,
          0.0
        ],
        [
          0.136083,
          0.0,
          0.990697
        ],
        [
          1298.25,
          42.35,
          -3073.4
        ]
      ],
      "light__nightly": false,
      "light__brightness": 3500.0,
      "light__radius_scale": 10.0,
      "light__max_radius": 150.0,
      "light__color": [
        50,
        100,
        255,
        255
      ],
      "omni_light__shadows": true
    },
    {
      "_template": "rendinst_replicated",
      "ri_extra__name": "halloween_lighthouse_a",
      "transform": [
        [
          0.990697,
          0.0,
          -0.136083
        ],
        [
          0.0,
          1.0,
          0.0
        ],
        [
          0.136083,
          0.0,
          0.990697
        ],
        [
          1116.35,
          45.4,
          -3241.3
        ]
      ]
    },
    {
      "_template": "omni_light",
      "transform": [
        [
          0.990697,
          0.0,
          -0.136083
        ],
        [
          0.0,
          1.0,
          0.0
        ],
        [
          0.136083,
          0.0,
          0.990697
        ],
        [
          1116.35,
          75.4,
          -3241.3
        ]
      ],
      "light__nightly": false,
      "light__brightness": 3500.0,
      "light__radius_scale": 10.0,
      "light__max_radius": 150.0,
      "light__color": [
        50,
        100,
        255,
        255
      ],
      "omni_light__shadows": true
    },
    {
      "_template": "rendinst_replicated",
      "ri_extra__name": "halloween_lighthouse_a",
      "transform": [
        [
          0.990697,
          0.0,
          -0.136083
        ],
        [
          0.0,
          1.0,
          0.0
        ],
        [
          0.136083,
          0.0,
          0.990697
        ],
        [
          933.5,
          111.25,
          -3232.55
        ]
      ]
    },
    {
      "_template": "omni_light",
      "transform": [
        [
          0.990697,
          0.0,
          -0.136083
        ],
        [
          0.0,
          1.0,
          0.0
        ],
        [
          0.136083,
          0.0,
          0.990697
        ],
        [
          933.5,
          141.25,
          -3232.55
        ]
      ],
      "light__nightly": false,
      "light__brightness": 3500.0,
      "light__radius_scale": 10.0,
      "light__max_radius": 150.0,
      "light__color": [
        50,
        100,
        255,
        255
      ],
      "omni_light__shadows": true
    },
    {
      "_template": "rendinst_replicated",
      "ri_extra__name": "halloween_lighthouse_a",
      "transform": [
        [
          0.990697,
          0.0,
          -0.136083
        ],
        [
          0.0,
          1.0,
          0.0
        ],
        [
          0.136083,
          0.0,
          0.990697
        ],
        [
          786.0,
          118.7,
          -3361.85
        ]
      ]
    },
    {
      "_template": "omni_light",
      "transform": [
        [
          0.990697,
          0.0,
          -0.136083
        ],
        [
          0.0,
          1.0,
          0.0
        ],
        [
          0.136083,
          0.0,
          0.990697
        ],
        [
          786.0,
          148.7,
          -3361.85
        ]
      ],
      "light__nightly": false,
      "light__brightness": 3500.0,
      "light__radius_scale": 10.0,
      "light__max_radius": 150.0,
      "light__color": [
        50,
        100,
        255,
        255
      ],
      "omni_light__shadows": true
    },
    {
      "_template": "rendinst_replicated",
      "ri_extra__name": "halloween_lighthouse_a",
      "transform": [
        [
          0.990697,
          0.0,
          -0.136083
        ],
        [
          0.0,
          1.0,
          0.0
        ],
        [
          0.136083,
          0.0,
          0.990697
        ],
        [
          585.8,
          95.8,
          -3363.75
        ]
      ]
    },
    {
      "_template": "omni_light",
      "transform": [
        [
          0.990697,
          0.0,
          -0.136083
        ],
        [
          0.0,
          1.0,
          0.0
        ],
        [
          0.136083,
          0.0,
          0.990697
        ],
        [
          585.8,
          125.8,
          -3363.75
        ]
      ],
      "light__nightly": false,
      "light__brightness": 3500.0,
      "light__radius_scale": 10.0,
      "light__max_radius": 150.0,
      "light__color": [
        50,
        100,
        255,
        255
      ],
      "omni_light__shadows": true
    },
    {
      "_template": "rendinst_replicated",
      "ri_extra__name": "halloween_lighthouse_a",
      "transform": [
        [
          -0.119638,
          0.0,
          0.992818
        ],
        [
          0.0,
          1.0,
          0.0
        ],
        [
          -0.992818,
          0.0,
          -0.119638
        ],
        [
          403.65,
          140.5,
          -3089.75
        ]
      ]
    },
    {
      "_template": "omni_light",
      "transform": [
        [
          -0.119638,
          0.0,
          0.992818
        ],
        [
          0.0,
          1.0,
          0.0
        ],
        [
          -0.992818,
          0.0,
          -0.119638
        ],
        [
          403.65,
          170.5,
          -3089.75
        ]
      ],
      "light__nightly": false,
      "light__brightness": 3500.0,
      "light__radius_scale": 10.0,
      "light__max_radius": 150.0,
      "light__color": [
        50,
        100,
        255,
        255
      ],
      "omni_light__shadows": true
    },
    {
      "_template": "rendinst_replicated",
      "ri_extra__name": "halloween_lighthouse_a",
      "transform": [
        [
          -0.119638,
          0.0,
          0.992818
        ],
        [
          0.0,
          1.0,
          0.0
        ],
        [
          -0.992818,
          0.0,
          -0.119638
        ],
        [
          255.95,
          119.45,
          -3277.05
        ]
      ]
    },
    {
      "_template": "omni_light",
      "transform": [
        [
          -0.119638,
          0.0,
          0.992818
        ],
        [
          0.0,
          1.0,
          0.0
        ],
        [
          -0.992818,
          0.0,
          -0.119638
        ],
        [
          255.95,
          149.45,
          -3277.05
        ]
      ],
      "light__nightly": false,
      "light__brightness": 3500.0,
      "light__radius_scale": 10.0,
      "light__max_radius": 150.0,
      "light__color": [
        50,
        100,
        255,
        255
      ],
      "omni_light__shadows": true
    },
    {
      "_template": "rendinst_replicated",
      "ri_extra__name": "halloween_lighthouse_a",
      "transform": [
        [
          -0.119638,
          0.0,
          0.992818
        ],
        [
          0.0,
          1.0,
          0.0
        ],
        [
          -0.992818,
          0.0,
          -0.119638
        ],
        [
          229.95,
          114.75,
          -2984.15
        ]
      ]
    },
    {
      "_template": "omni_light",
      "transform": [
        [
          -0.119638,
          0.0,
          0.992818
        ],
        [
          0.0,
          1.0,
          0.0
        ],
        [
          -0.992818,
          0.0,
          -0.119638
        ],
        [
          229.95,
          144.75,
          -2984.15
        ]
      ],
      "light__nightly": false,
      "light__brightness": 3500.0,
      "light__radius_scale": 10.0,
      "light__max_radius": 150.0,
      "light__color": [
        50,
        100,
        255,
        255
      ],
      "omni_light__shadows": true
    },
    {
      "_template": "rendinst_replicated",
      "ri_extra__name": "halloween_lighthouse_a",
      "transform": [
        [
          -0.119638,
          0.0,
          0.992818
        ],
        [
          0.0,
          1.0,
          0.0
        ],
        [
          -0.992818,
          0.0,
          -0.119638
        ],
        [
          343.4,
          129.85,
          -2740.4
        ]
      ]
    },
    {
      "_template": "omni_light",
      "transform": [
        [
          -0.119638,
          0.0,
          0.992818
        ],
        [
          0.0,
          1.0,
          0.0
        ],
        [
          -0.992818,
          0.0,
          -0.119638
        ],
        [
          343.4,
          159.85,
          -2740.4
        ]
      ],
      "light__nightly": false,
      "light__brightness": 3500.0,
      "light__radius_scale": 10.0,
      "light__max_radius": 150.0,
      "light__color": [
        50,
        100,
        255,
        255
      ],
      "omni_light__shadows": true
    },
    {
      "_template": "rendinst_replicated",
      "ri_extra__name": "halloween_lighthouse_a",
      "transform": [
        [
          -0.119638,
          0.0,
          0.992818
        ],
        [
          0.0,
          1.0,
          0.0
        ],
        [
          -0.992818,
          0.0,
          -0.119638
        ],
        [
          207.7,
          131.35,
          -2643.3
        ]
      ]
    },
    {
      "_template": "omni_light",
      "transform": [
        [
          -0.119638,
          0.0,
          0.992818
        ],
        [
          0.0,
          1.0,
          0.0
        ],
        [
          -0.992818,
          0.0,
          -0.119638
        ],
        [
          207.7,
          161.35,
          -2643.3
        ]
      ],
      "light__nightly": false,
      "light__brightness": 3500.0,
      "light__radius_scale": 10.0,
      "light__max_radius": 150.0,
      "light__color": [
        50,
        100,
        255,
        255
      ],
      "omni_light__shadows": true
    },
    {
      "_template": "rendinst_replicated",
      "ri_extra__name": "halloween_lighthouse_a",
      "transform": [
        [
          -0.119638,
          0.0,
          0.992818
        ],
        [
          0.0,
          1.0,
          0.0
        ],
        [
          -0.992818,
          0.0,
          -0.119638
        ],
        [
          310.55,
          82.7,
          -2489.15
        ]
      ]
    },
    {
      "_template": "omni_light",
      "transform": [
        [
          -0.119638,
          0.0,
          0.992818
        ],
        [
          0.0,
          1.0,
          0.0
        ],
        [
          -0.992818,
          0.0,
          -0.119638
        ],
        [
          310.55,
          112.7,
          -2489.15
        ]
      ],
      "light__nightly": false,
      "light__brightness": 3500.0,
      "light__radius_scale": 10.0,
      "light__max_radius": 150.0,
      "light__color": [
        50,
        100,
        255,
        255
      ],
      "omni_light__shadows": true
    },
    {
      "_template": "rendinst_replicated",
      "ri_extra__name": "halloween_lighthouse_a",
      "transform": [
        [
          -0.119638,
          0.0,
          0.992818
        ],
        [
          0.0,
          1.0,
          0.0
        ],
        [
          -0.992818,
          0.0,
          -0.119638
        ],
        [
          220.55,
          124.6,
          -2288.85
        ]
      ]
    },
    {
      "_template": "omni_light",
      "transform": [
        [
          -0.119638,
          0.0,
          0.992818
        ],
        [
          0.0,
          1.0,
          0.0
        ],
        [
          -0.992818,
          0.0,
          -0.119638
        ],
        [
          220.55,
          154.6,
          -2288.85
        ]
      ],
      "light__nightly": false,
      "light__brightness": 3500.0,
      "light__radius_scale": 10.0,
      "light__max_radius": 150.0,
      "light__color": [
        50,
        100,
        255,
        255
      ],
      "omni_light__shadows": true
    },
    {
      "_template": "rendinst_replicated",
      "ri_extra__name": "halloween_lighthouse_a",
      "transform": [
        [
          -0.119638,
          0.0,
          0.992818
        ],
        [
          0.0,
          1.0,
          0.0
        ],
        [
          -0.992818,
          0.0,
          -0.119638
        ],
        [
          366.45,
          154.55,
          -2068.3
        ]
      ]
    },
    {
      "_template": "omni_light",
      "transform": [
        [
          -0.119638,
          0.0,
          0.992818
        ],
        [
          0.0,
          1.0,
          0.0
        ],
        [
          -0.992818,
          0.0,
          -0.119638
        ],
        [
          366.45,
          184.55,
          -2068.3
        ]
      ],
      "light__nightly": false,
      "light__brightness": 3500.0,
      "light__radius_scale": 10.0,
      "light__max_radius": 150.0,
      "light__color": [
        50,
        100,
        255,
        255
      ],
      "omni_light__shadows": true
    },
    {
      "_template": "rendinst_replicated",
      "ri_extra__name": "halloween_lighthouse_a",
      "transform": [
        [
          -0.119638,
          0.0,
          0.992818
        ],
        [
          0.0,
          1.0,
          0.0
        ],
        [
          -0.992818,
          0.0,
          -0.119638
        ],
        [
          339.05,
          228.4,
          -1843.6
        ]
      ]
    },
    {
      "_template": "omni_light",
      "transform": [
        [
          -0.119638,
          0.0,
          0.992818
        ],
        [
          0.0,
          1.0,
          0.0
        ],
        [
          -0.992818,
          0.0,
          -0.119638
        ],
        [
          339.05,
          258.4,
          -1843.6
        ]
      ],
      "light__nightly": false,
      "light__brightness": 3500.0,
      "light__radius_scale": 10.0,
      "light__max_radius": 150.0,
      "light__color": [
        50,
        100,
        255,
        255
      ],
      "omni_light__shadows": true
    },
    {
      "_template": "rendinst_replicated",
      "ri_extra__name": "halloween_lighthouse_a",
      "transform": [
        [
          -0.119638,
          0.0,
          0.992818
        ],
        [
          0.0,
          1.0,
          0.0
        ],
        [
          -0.992818,
          0.0,
          -0.119638
        ],
        [
          452.35,
          190.65,
          -1710.6
        ]
      ]
    },
    {
      "_template": "omni_light",
      "transform": [
        [
          -0.119638,
          0.0,
          0.992818
        ],
        [
          0.0,
          1.0,
          0.0
        ],
        [
          -0.992818,
          0.0,
          -0.119638
        ],
        [
          452.35,
          220.65,
          -1710.6
        ]
      ],
      "light__nightly": false,
      "light__brightness": 3500.0,
      "light__radius_scale": 10.0,
      "light__max_radius": 150.0,
      "light__color": [
        50,
        100,
        255,
        255
      ],
      "omni_light__shadows": true
    },
    {
      "_template": "rendinst_replicated",
      "ri_extra__name": "halloween_lighthouse_a",
      "transform": [
        [
          -0.119638,
          0.0,
          0.992818
        ],
        [
          0.0,
          1.0,
          0.0
        ],
        [
          -0.992818,
          0.0,
          -0.119638
        ],
        [
          277.9,
          226.85,
          -1554.45
        ]
      ]
    },
    {
      "_template": "omni_light",
      "transform": [
        [
          -0.119638,
          0.0,
          0.992818
        ],
        [
          0.0,
          1.0,
          0.0
        ],
        [
          -0.992818,
          0.0,
          -0.119638
        ],
        [
          277.9,
          256.85,
          -1554.45
        ]
      ],
      "light__nightly": false,
      "light__brightness": 3500.0,
      "light__radius_scale": 10.0,
      "light__max_radius": 150.0,
      "light__color": [
        50,
        100,
        255,
        255
      ],
      "omni_light__shadows": true
    },
    {
      "_template": "rendinst_replicated",
      "ri_extra__name": "halloween_lighthouse_a",
      "transform": [
        [
          -0.119638,
          0.0,
          0.992818
        ],
        [
          0.0,
          1.0,
          0.0
        ],
        [
          -0.992818,
          0.0,
          -0.119638
        ],
        [
          232.35,
          221.9,
          -1309.6
        ]
      ]
    },
    {
      "_template": "omni_light",
      "transform": [
        [
          -0.119638,
          0.0,
          0.992818
        ],
        [
          0.0,
          1.0,
          0.0
        ],
        [
          -0.992818,
          0.0,
          -0.119638
        ],
        [
          232.35,
          251.9,
          -1309.6
        ]
      ],
      "light__nightly": false,
      "light__brightness": 3500.0,
      "light__radius_scale": 10.0,
      "light__max_radius": 150.0,
      "light__color": [
        50,
        100,
        255,
        255
      ],
      "omni_light__shadows": true
    },
    {
      "_template": "rendinst_replicated",
      "ri_extra__name": "halloween_lighthouse_a",
      "transform": [
        [
          -0.119638,
          0.0,
          0.992818
        ],
        [
          0.0,
          1.0,
          0.0
        ],
        [
          -0.992818,
          0.0,
          -0.119638
        ],
        [
          3.3,
          91.1,
          -1046.05
        ]
      ]
    },
    {
      "_template": "omni_light",
      "transform": [
        [
          -0.119638,
          0.0,
          0.992818
        ],
        [
          0.0,
          1.0,
          0.0
        ],
        [
          -0.992818,
          0.0,
          -0.119638
        ],
        [
          3.3,
          121.1,
          -1046.05
        ]
      ],
      "light__nightly": false,
      "light__brightness": 3500.0,
      "light__radius_scale": 10.0,
      "light__max_radius": 150.0,
      "light__color": [
        50,
        100,
        255,
        255
      ],
      "omni_light__shadows": true
    },
    {
      "_template": "rendinst_replicated",
      "ri_extra__name": "halloween_lighthouse_a",
      "transform": [
        [
          -0.119638,
          0.0,
          0.992818
        ],
        [
          0.0,
          1.0,
          0.0
        ],
        [
          -0.992818,
          0.0,
          -0.119638
        ],
        [
          235.25,
          141.0,
          -675.6
        ]
      ]
    },
    {
      "_template": "omni_light",
      "transform": [
        [
          -0.119638,
          0.0,
          0.992818
        ],
        [
