{
  "entity": [
    {
      "_template": "rendinst_replicated",
      "ri_extra__name": "conex_box_b",
      "transform": [
        [
          1.0,
          0.0,
          0.0
        ],
        [
          0.0,
          1.0,
          0.0
        ],
        [
          0.0,
          0.0,
          1.0
        ],
        [
          1759.46,
          8.0479,
          1679.6
        ]
      ]
    },
    {
      "_template": "rendinst_replicated",
      "ri_extra__name": "conex_box_b",
      "transform": [
        [
          1.0,
          0.0,
          0.0
        ],
        [
          0.0,
          1.0,
          0.0
        ],
        [
          0.0,
          0.0,
          1.0
        ],
        [
          1756.66,
          8.0479,
          1677.01
        ]
      ]
    },
    {
      "_template": "rendinst_replicated",
      "ri_extra__name": "conex_box_b",
      "transform": [
        [
          -0.0278271,
          0.0,
          0.999613
        ],
        [
          0.0,
          1.0,
          0.0
        ],
        [
          -0.999613,
          0.0,
          -0.0278271
        ],
        [
          1758.07,
          10.9882,
          1678.71
        ]
      ]
    },
    {
      "_template": "rendinst_replicated",
      "ri_extra__name": "storage_gsm_fuel_tank_horizontal_a",
      "transform": [
        [
          -0.999957,
          0.0,
          -0.00929257
        ],
        [
          0.0,
          1.0,
          0.0
        ],
        [
          0.00929257,
          0.0,
          -0.999957
        ],
        [
          1741.73,
          8.04791,
          1706.09
        ]
      ]
    },
    {
      "_template": "rendinst_replicated",
      "ri_extra__name": "conex_box_b",
      "transform": [
        [
          -0.0154416,
          0.0,
          0.999881
        ],
        [
          0.0,
          1.0,
          0.0
        ],
        [
          -0.999881,
          0.0,
          -0.0154416
        ],
        [
          1712.06,
          8.0479,
          1714.36
        ]
      ]
    },
    {
      "_template": "rendinst_replicated",
      "ri_extra__name": "conex_box_b",
      "transform": [
        [
          -0.0154416,
          0.0,
          0.999881
        ],
        [
          0.0,
          1.0,
          0.0
        ],
        [
          -0.999881,
          0.0,
          -0.0154416
        ],
        [
          1714.69,
          8.0479,
          1711.6
        ]
      ]
    },
    {
      "_template": "rendinst_replicated",
      "ri_extra__name": "conex_box_b",
      "transform": [
        [
          -0.999064,
          0.0,
          -0.0432593
        ],
        [
          0.0,
          1.0,
          0.0
        ],
        [
          0.0432593,
          0.0,
          -0.999064
        ],
        [
          1712.96,
          10.9882,
          1712.99
        ]
      ]
    },
    {
      "_template": "rendinst_replicated",
      "ri_extra__name": "conex_box_b",
      "transform": [
        [
          -0.0154416,
          0.0,
          0.999881
        ],
        [
          0.0,
          1.0,
          0.0
        ],
        [
          -0.999881,
          0.0,
          -0.0154416
        ],
        [
          1712.3,
          8.0479,
          1717.36
        ]
      ]
    },
    {
      "_template": "rendinst_replicated",
      "ri_extra__name": "conex_box_b",
      "transform": [
        [
          -0.0154416,
          0.0,
          0.999881
        ],
        [
          0.0,
          1.0,
          0.0
        ],
        [
          -0.999881,
          0.0,
          -0.0154416
        ],
        [
          1715.35,
          8.0479,
          1719.98
        ]
      ]
    },
    {
      "_template": "rendinst_replicated",
      "ri_extra__name": "conex_box_b",
      "transform": [
        [
          -0.0154416,
          0.0,
          0.999881
        ],
        [
          0.0,
          1.0,
          0.0
        ],
        [
          -0.999881,
          0.0,
          -0.0154416
        ],
        [
          1717.99,
          8.0479,
          1717.23
        ]
      ]
    },
    {
      "_template": "rendinst_replicated",
      "ri_extra__name": "conex_box_b",
      "transform": [
        [
          -0.0705678,
          0.0,
          0.997507
        ],
        [
          0.0,
          1.0,
          0.0
        ],
        [
          -0.997507,
          0.0,
          -0.0705678
        ],
        [
          1715.57,
          10.9882,
          1717.11
        ]
      ]
    },
    {
      "_template": "rendinst_replicated",
      "ri_extra__name": "conex_box_b",
      "transform": [
        [
          -0.0154416,
          0.0,
          0.999881
        ],
        [
          0.0,
          1.0,
          0.0
        ],
        [
          -0.999881,
          0.0,
          -0.0154416
        ],
        [
          1715.59,
          8.0479,
          1722.98
        ]
      ]
    },
    {
      "_template": "rendinst_replicated",
      "ri_extra__name": "ussr_hopper_wagon_1933",
      "transform": [
        [
          1.0,
          0.0,
          0.0
        ],
        [
          0.0,
          1.0,
          0.0
        ],
        [
          0.0,
          0.0,
          1.0
        ],
        [
          1742.78,
          8.0479,
          1694.43
        ]
      ]
    },
    {
      "_template": "rendinst_replicated",
      "ri_extra__name": "ussr_hopper_wagon_1933_coal",
      "transform": [
        [
          0.999778,
          0.0,
          0.0210774
        ],
        [
          0.0,
          1.0,
          0.0
        ],
        [
          -0.0210774,
          0.0,
          0.999778
        ],
        [
          1752.97,
          8.0479,
          1694.74
        ]
      ]
    },
    {
      "_template": "rendinst_replicated",
      "ri_extra__name": "ussr_hopper_wagon_1933_coal",
      "transform": [
        [
          0.999778,
          0.0,
          0.0210774
        ],
        [
          0.0,
          1.0,
          0.0
        ],
        [
          -0.0210774,
          0.0,
          0.999778
        ],
        [
          1848.96,
          8.04791,
          1686.66
        ]
      ]
    },
    {
      "_template": "rendinst_replicated",
      "ri_extra__name": "ussr_hopper_wagon_1933_coal",
      "transform": [
        [
          0.999778,
          0.0,
          0.0210774
        ],
        [
          0.0,
          1.0,
          0.0
        ],
        [
          -0.0210774,
          0.0,
          0.999778
        ],
        [
          1978.87,
          8.04791,
          1630.92
        ]
      ]
    },
    {
      "_template": "rendinst_replicated",
      "ri_extra__name": "ussr_hopper_wagon_1933",
      "transform": [
        [
          1.0,
          0.0,
          0.0
        ],
        [
          0.0,
          1.0,
          0.0
        ],
        [
          0.0,
          0.0,
          1.0
        ],
        [
          1968.68,
          8.04791,
          1630.61
        ]
      ]
    },
    {
      "_template": "rendinst_replicated",
      "ri_extra__name": "conex_box_b",
      "transform": [
        [
          -0.0154416,
          0.0,
          0.999881
        ],
        [
          0.0,
          1.0,
          0.0
        ],
        [
          -0.999881,
          0.0,
          -0.0154416
        ],
        [
          1992.4,
          8.04786,
          1655.7
        ]
      ]
    },
    {
      "_template": "rendinst_replicated",
      "ri_extra__name": "conex_box_b",
      "transform": [
        [
          -0.0154416,
          0.0,
          0.999881
        ],
        [
          0.0,
          1.0,
          0.0
        ],
        [
          -0.999881,
          0.0,
          -0.0154416
        ],
        [
          1995.03,
          8.04786,
          1652.95
        ]
      ]
    },
    {
      "_template": "rendinst_replicated",
      "ri_extra__name": "conex_box_b",
      "transform": [
        [
          -0.999064,
          0.0,
          -0.0432593
        ],
        [
          0.0,
          1.0,
          0.0
        ],
        [
          0.0432593,
          0.0,
          -0.999064
        ],
        [
          1993.31,
          10.9882,
          1654.33
        ]
      ]
    },
    {
      "_template": "rendinst_replicated",
      "ri_extra__name": "conex_box_b",
      "transform": [
        [
          -0.0154416,
          0.0,
          0.999881
        ],
        [
          0.0,
          1.0,
          0.0
        ],
        [
          -0.999881,
          0.0,
          -0.0154416
        ],
        [
          1992.64,
          8.04786,
          1658.71
        ]
      ]
    },
    {
      "_template": "rendinst_replicated",
      "ri_extra__name": "conex_box_b",
      "transform": [
        [
          -0.0154416,
          0.0,
          0.999881
        ],
        [
          0.0,
          1.0,
          0.0
        ],
        [
          -0.999881,
          0.0,
          -0.0154416
        ],
        [
          1995.7,
          8.04787,
          1661.32
        ]
      ]
    },
    {
      "_template": "rendinst_replicated",
      "ri_extra__name": "conex_box_b",
      "transform": [
        [
          -0.0154416,
          0.0,
          0.999881
        ],
        [
          0.0,
          1.0,
          0.0
        ],
        [
          -0.999881,
          0.0,
          -0.0154416
        ],
        [
          1998.33,
          8.04787,
          1658.57
        ]
      ]
    },
    {
      "_template": "rendinst_replicated",
      "ri_extra__name": "conex_box_b",
      "transform": [
        [
          -0.0705678,
          0.0,
          0.997507
        ],
        [
          0.0,
          1.0,
          0.0
        ],
        [
          -0.997507,
          0.0,
          -0.0705678
        ],
        [
          1995.91,
          10.9882,
          1658.46
        ]
      ]
    },
    {
      "_template": "rendinst_replicated",
      "ri_extra__name": "conex_box_b",
      "transform": [
        [
          -0.0154416,
          0.0,
          0.999881
        ],
        [
          0.0,
          1.0,
          0.0
        ],
        [
          -0.999881,
          0.0,
          -0.0154416
        ],
        [
          1995.94,
          8.04787,
          1664.33
        ]
      ]
    },
    {
      "_template": "rendinst_replicated",
      "ri_extra__name": "ussr_freight_car_1926",
      "transform": [
        [
          1.0,
          0.0,
          0.0
        ],
        [
          0.0,
          1.0,
          0.0
        ],
        [
          0.0,
          0.0,
          1.0
        ],
        [
          1990.79,
          8.0479,
          1688.29
        ]
      ]
    },
    {
      "_template": "rendinst_replicated",
      "ri_extra__name": "ussr_freight_car_1926",
      "transform": [
        [
          1.0,
          0.0,
          0.0
        ],
        [
          0.0,
          1.0,
          0.0
        ],
        [
          0.0,
          0.0,
          1.0
        ],
        [
          1974.95,
          8.0479,
          1688.22
        ]
      ]
    },
    {
      "_template": "rendinst_replicated",
      "ri_extra__name": "ussr_freight_car_1926",
      "transform": [
        [
          1.0,
          0.0,
          0.0
        ],
        [
          0.0,
          1.0,
          0.0
        ],
        [
          0.0,
          0.0,
          1.0
        ],
        [
          2009.46,
          8.04791,
          1630.78
        ]
      ]
    },
    {
      "_template": "rendinst_replicated",
      "ri_extra__name": "conex_box_b",
      "transform": [
        [
          -0.0154416,
          0.0,
          0.999881
        ],
        [
          0.0,
          1.0,
          0.0
        ],
        [
          -0.999881,
          0.0,
          -0.0154416
        ],
        [
          1995.03,
          8.04786,
          1672.83
        ]
      ]
    },
    {
      "_template": "rendinst_replicated",
      "ri_extra__name": "conex_box_b",
      "transform": [
        [
          -0.0154416,
          0.0,
          0.999881
        ],
        [
          0.0,
          1.0,
          0.0
        ],
        [
          -0.999881,
          0.0,
          -0.0154416
        ],
        [
          1992.42,
          8.04786,
          1675.66
        ]
      ]
    },
    {
      "_template": "rendinst_replicated",
      "ri_extra__name": "conex_box_b",
      "transform": [
        [
          -0.0154416,
          0.0,
          0.999881
        ],
        [
          0.0,
          1.0,
          0.0
        ],
        [
          -0.999881,
          0.0,
          -0.0154416
        ],
        [
          1944.95,
          9.37804,
          1722.88
        ]
      ]
    },
    {
      "_template": "rendinst_replicated",
      "ri_extra__name": "conex_box_b",
      "transform": [
        [
          -0.0154416,
          0.0,
          0.999881
        ],
        [
          0.0,
          1.0,
          0.0
        ],
        [
          -0.999881,
          0.0,
          -0.0154416
        ],
        [
          1942.33,
          9.37804,
          1725.71
        ]
      ]
    },
    {
      "_template": "rendinst_replicated",
      "ri_extra__name": "ussr_hopper_wagon_1933",
      "transform": [
        [
          1.0,
          0.0,
          0.0
        ],
        [
          0.0,
          1.0,
          0.0
        ],
        [
          0.0,
          0.0,
          1.0
        ],
        [
          2038.35,
          8.04791,
          1641.35
        ]
      ]
    },
    {
      "_template": "rendinst_replicated",
      "ri_extra__name": "ussr_hopper_wagon_1933_dmg_02",
      "transform": [
        [
          1.0,
          0.0,
          0.0
        ],
        [
          0.0,
          1.0,
          0.0
        ],
        [
          0.0,
          0.0,
          1.0
        ],
        [
          2026.69,
          8.04791,
          1641.11
        ]
      ]
    },
    {
      "_template": "rendinst_replicated",
      "ri_extra__name": "conex_box_b",
      "transform": [
        [
          -0.0144981,
          -0.999642,
          0.0225009
        ],
        [
          0.0425005,
          0.0218668,
          0.998857
        ],
        [
          -0.998991,
          0.0154379,
          0.0421683
        ],
        [
          2025.97,
          9.27048,
          1642.8
        ]
      ]
    },
    {
      "_template": "rendinst_replicated",
      "ri_extra__name": "ussr_locomotive_e_1298_dmg",
      "transform": [
        [
          1.0,
          0.0,
          0.0
        ],
        [
          0.0,
          1.0,
          0.0
        ],
        [
          0.0,
          0.0,
          1.0
        ],
        [
          2068.68,
          8.04028,
          1631.01
        ]
      ]
    },
    {
      "_template": "rendinst_replicated",
      "ri_extra__name": "ussr_hopper_wagon_1933_coal",
      "transform": [
        [
          0.931809,
          0.0,
          0.362948
        ],
        [
          0.0,
          1.0,
          0.0
        ],
        [
          -0.362948,
          0.0,
          0.931809
        ],
        [
          1898.02,
          8.0479,
          1660.18
        ]
      ]
    },
    {
      "_template": "rendinst_replicated",
      "ri_extra__name": "ussr_hopper_wagon_1933",
      "transform": [
        [
          0.891554,
          0.0,
          0.452914
        ],
        [
          0.0,
          1.0,
          0.0
        ],
        [
          -0.452914,
          0.0,
          0.891554
        ],
        [
          1888.7,
          8.0479,
          1655.83
        ]
      ]
    },
    {
      "_template": "rendinst_replicated",
      "ri_extra__name": "conex_box_b",
      "transform": [
        [
          -0.0154416,
          0.0,
          0.999881
        ],
        [
          0.0,
          1.0,
          0.0
        ],
        [
          -0.999881,
          0.0,
          -0.0154416
        ],
        [
          1822.06,
          8.04786,
          1646.52
        ]
      ]
    },
    {
      "_template": "rendinst_replicated",
      "ri_extra__name": "conex_box_b",
      "transform": [
        [
          -0.0154416,
          0.0,
          0.999881
        ],
        [
          0.0,
          1.0,
          0.0
        ],
        [
          -0.999881,
          0.0,
          -0.0154416
        ],
        [
          1816.37,
          8.04786,
          1646.66
        ]
      ]
    },
    {
      "_template": "rendinst_replicated",
      "ri_extra__name": "conex_box_b",
      "transform": [
        [
          -0.999064,
          0.0,
          -0.0432593
        ],
        [
          0.0,
          1.0,
          0.0
        ],
        [
          0.0432593,
          0.0,
          -0.999064
        ],
        [
          1817.04,
          10.9882,
          1642.28
        ]
      ]
    },
    {
      "_template": "rendinst_replicated",
      "ri_extra__name": "conex_box_b",
      "transform": [
        [
          -0.0154416,
          0.0,
          0.999881
        ],
        [
          0.0,
          1.0,
          0.0
        ],
        [
          -0.999881,
          0.0,
          -0.0154416
        ],
        [
          1818.77,
          8.04786,
          1640.9
        ]
      ]
    },
    {
      "_template": "rendinst_replicated",
      "ri_extra__name": "conex_box_b",
      "transform": [
        [
          -0.0154416,
          0.0,
          0.999881
        ],
        [
          0.0,
          1.0,
          0.0
        ],
        [
          -0.999881,
          0.0,
          -0.0154416
        ],
        [
          1816.13,
          8.04786,
          1643.65
        ]
      ]
    },
    {
      "_template": "rendinst_replicated",
      "ri_extra__name": "ussr_hopper_wagon_1933",
      "transform": [
        [
          1.0,
          0.0,
          0.0
        ],
        [
          0.0,
          1.0,
          0.0
        ],
        [
          0.0,
          0.0,
          1.0
        ],
        [
          1816.16,
          8.04791,
          1636.79
        ]
      ]
    },
    {
      "_template": "rendinst_replicated",
      "ri_extra__name": "conex_box_b",
      "transform": [
        [
          0.997409,
          0.0,
          0.0719447
        ],
        [
          0.0,
          1.0,
          0.0
        ],
        [
          -0.0719447,
          0.0,
          0.997409
        ],
        [
          1810.84,
          8.04787,
          1639.48
        ]
      ]
    },
    {
      "_template": "rendinst_replicated",
      "ri_extra__name": "conex_box_b",
      "transform": [
        [
          -0.999728,
          0.0,
          -0.0233334
        ],
        [
          0.0,
          1.0,
          0.0
        ],
        [
          0.0233334,
          0.0,
          -0.999728
        ],
        [
          1796.28,
          8.04786,
          1624.01
        ]
      ]
    },
    {
      "_template": "rendinst_replicated",
      "ri_extra__name": "conex_box_b",
      "transform": [
        [
          -0.999728,
          0.0,
          -0.0233334
        ],
        [
          0.0,
          1.0,
          0.0
        ],
        [
          0.0233334,
          0.0,
          -0.999728
        ],
        [
          1796.37,
          8.04787,
          1629.7
        ]
      ]
    },
    {
      "_template": "rendinst_replicated",
      "ri_extra__name": "conex_box_b",
      "transform": [
        [
          0.0511439,
          0.0,
          -0.998691
        ],
        [
          0.0,
          1.0,
          0.0
        ],
        [
          0.998691,
          0.0,
          0.0511439
        ],
        [
          1800.65,
          10.9882,
          1624.71
        ]
      ]
    },
    {
      "_template": "rendinst_replicated",
      "ri_extra__name": "conex_box_b",
      "transform": [
        [
          -0.999728,
          0.0,
          -0.0233334
        ],
        [
          0.0,
          1.0,
          0.0
        ],
        [
          0.0233334,
          0.0,
          -0.999728
        ],
        [
          1802.02,
          8.04786,
          1626.45
        ]
      ]
    },
    {
      "_template": "rendinst_replicated",
      "ri_extra__name": "conex_box_b",
      "transform": [
        [
          -0.999728,
          0.0,
          -0.0233334
        ],
        [
          0.0,
          1.0,
          0.0
        ],
        [
          0.0233334,
          0.0,
          -0.999728
        ],
        [
          1799.28,
          8.04786,
          1623.79
        ]
      ]
    },
    {
      "_template": "rendinst_replicated",
      "ri_extra__name": "conex_box_b",
      "transform": [
        [
          -0.0798153,
          0.0,
          0.99681
        ],
        [
          0.0,
          1.0,
          0.0
        ],
        [
          -0.99681,
          0.0,
          -0.0798153
        ],
        [
          1803.43,
          8.04787,
          1622.25
        ]
      ]
    },
    {
      "_template": "rendinst_replicated",
      "ri_extra__name": "conex_box_b",
      "transform": [
        [
          -0.0154416,
          0.0,
          0.999881
        ],
        [
          0.0,
          1.0,
          0.0
        ],
        [
          -0.999881,
          0.0,
          -0.0154416
        ],
        [
          1815.46,
          8.04785,
          1692.2
        ]
      ]
    },
    {
      "_template": "rendinst_replicated",
      "ri_extra__name": "conex_box_b",
      "transform": [
        [
          0.994718,
          0.0,
          0.10265
        ],
        [
          0.0,
          1.0,
          0.0
        ],
        [
          -0.10265,
          0.0,
          0.994718
        ],
        [
          1819.57,
          8.04786,
          1690.86
        ]
      ]
    },
    {
      "_template": "rendinst_replicated",
      "ri_extra__name": "ussr_hopper_wagon_1933_coal",
      "transform": [
        [
          1.0,
          0.0,
          0.0
        ],
        [
          0.0,
          1.0,
          0.0
        ],
        [
          0.0,
          0.0,
          1.0
        ],
        [
          2144.82,
          8.04791,
          1759.56
        ]
      ]
    },
    {
      "_template": "rendinst_replicated",
      "ri_extra__name": "conex_box_b",
      "transform": [
        [
          -0.99882,
          0.0,
          0.0485641
        ],
        [
          0.0,
          1.0,
          0.0
        ],
        [
          -0.0485641,
          0.0,
          -0.99882
        ],
        [
          2112.65,
          8.13301,
          1799.51
        ]
      ]
    },
    {
      "_template": "rendinst_replicated",
      "ri_extra__name": "conex_box_b",
      "transform": [
        [
          -0.999978,
          0.0,
          -0.00660114
        ],
        [
          0.0,
          1.0,
          0.0
        ],
        [
          0.00660114,
          0.0,
          -0.999978
        ],
        [
          2118.34,
          11.0733,
          1799.11
        ]
      ]
    },
    {
      "_template": "rendinst_replicated",
      "ri_extra__name": "conex_box_b",
      "transform": [
        [
          -0.99882,
          0.0,
          0.0485641
        ],
        [
          0.0,
          1.0,
          0.0
        ],
        [
          -0.0485641,
          0.0,
          -0.99882
        ],
        [
          2118.38,
          8.13301,
          1801.53
        ]
      ]
    },
    {
      "_template": "rendinst_replicated",
      "ri_extra__name": "conex_box_b",
      "transform": [
        [
          -0.99882,
          0.0,
          0.0485641
        ],
        [
          0.0,
          1.0,
          0.0
        ],
        [
          -0.0485641,
          0.0,
          -0.99882
        ],
        [
          2115.47,
          8.13301,
          1799.08
        ]
      ]
    },
    {
      "_template": "rendinst_replicated",
      "ri_extra__name": "conex_box_b",
      "transform": [
        [
          -0.99882,
          0.0,
          0.0485641
        ],
        [
          0.0,
          1.0,
          0.0
        ],
        [
          -0.0485641,
          0.0,
          -0.99882
        ],
        [
          2117.88,
          8.13301,
          1795.86
        ]
      ]
    },
    {
      "_template": "rendinst_replicated",
      "ri_extra__name": "conex_box_b",
      "transform": [
        [
          0.0213758,
          0.0,
          0.999772
        ],
        [
          0.0,
          1.0,
          0.0
        ],
        [
          -0.999772,
          0.0,
          0.0213758
        ],
        [
          2063.99,
          8.13301,
          1795.35
        ]
      ]
    },
    {
      "_template": "rendinst_replicated",
      "ri_extra__name": "conex_box_b",
      "transform": [
        [
          0.0213758,
          -0.0049935,
          0.999759
        ],
        [
          0.0,
          0.999988,
          0.00499464
        ],
        [
          -0.999772,
          -0.000106764,
          0.0213755
        ],
        [
          2060.84,
          8.13301,
          1792.85
        ]
      ]
    },
    {
      "_template": "rendinst_replicated",
      "ri_extra__name": "conex_box_b",
      "transform": [
        [
          -0.7125,
          0.0,
          0.701672
        ],
        [
          0.0,
          1.0,
          0.0
        ],
        [
          -0.701672,
          0.0,
          -0.7125
        ],
        [
          2062.08,
          11.0733,
          1793.68
        ]
      ]
    },
    {
      "_template": "rendinst_replicated",
      "ri_extra__name": "conex_box_b",
      "transform": [
        [
          0.0213758,
          0.0,
          0.999772
        ],
        [
          0.0,
          1.0,
          0.0
        ],
        [
          -0.999772,
          0.0,
          0.0213758
        ],
        [
          2066.52,
          8.13301,
          1792.51
        ]
      ]
    },
    {
      "_template": "rendinst_replicated",
      "ri_extra__name": "conex_box_b",
      "transform": [
        [
          0.999999,
          0.0,
          -0.0015124
        ],
        [
          0.0,
          1.0,
          0.0
        ],
        [
          0.0015124,
          0.0,
          0.999999
        ],
        [
          2068.09,
          8.13301,
          1796.65
        ]
      ]
    },
    {
      "_template": "rendinst_replicated",
      "ri_extra__name": "conex_box_b",
      "transform": [
        [
          0.896684,
          0.0,
          0.442672
        ],
        [
          0.0,
          1.0,
          0.0
        ],
        [
          -0.442672,
          0.0,
          0.896684
        ],
        [
          2102.6,
          8.13303,
          1743.04
        ]
      ]
    },
    {
      "_template": "rendinst_replicated",
      "ri_extra__name": "conex_box_b",
      "transform": [
        [
          0.0213758,
          -0.0049935,
          0.999759
        ],
        [
          0.0,
          0.999988,
          0.00499464
        ],
        [
          -0.999772,
          -0.000106764,
          0.0213755
        ],
        [
          2101.25,
          8.13302,
          1738.73
        ]
      ]
    },
    {
      "_template": "rendinst_replicated",
      "ri_extra__name": "conex_box_b",
      "transform": [
        [
          -0.354389,
          0.0,
          0.935098
        ],
        [
          0.0,
          1.0,
          0.0
        ],
        [
          -0.935098,
          0.0,
          -0.354389
        ],
        [
          2101.02,
          11.0734,
          1738.64
        ]
      ]
    },
    {
      "_template": "rendinst_replicated",
      "ri_extra__name": "conex_box_b",
      "transform": [
        [
          0.0213758,
          -0.0049935,
          0.999759
        ],
        [
          0.0,
          0.999988,
          0.00499464
        ],
        [
          -0.999772,
          -0.000106764,
          0.0213755
        ],
        [
          2106.78,
          8.13302,
          1722.65
        ]
      ]
    },
    {
      "_template": "rendinst_replicated",
      "ri_extra__name": "conex_box_b",
      "transform": [
        [
          -0.996713,
          -0.0049935,
          0.0808625
        ],
        [
          -0.00498578,
          0.999988,
          0.000297376
        ],
        [
          -0.080863,
          -0.000106764,
          -0.996725
        ],
        [
          2110.76,
          8.13302,
          1721.34
        ]
      ]
    },
    {
      "_template": "rendinst_replicated",
      "ri_extra__name": "conex_box_b",
      "transform": [
        [
          -0.999951,
          -0.0049935,
          -0.00853505
        ],
        [
          -0.00499241,
          0.999988,
          -0.000149382
        ],
        [
          0.00853568,
          -0.000106764,
          -0.999964
        ],
        [
          2102.89,
          8.13302,
          1722.87
        ]
      ]
    },
    {
      "_template": "rendinst_replicated",
      "ri_extra__name": "ussr_freight_car_1926",
      "transform": [
        [
          1.0,
          0.0,
          0.0
        ],
        [
          0.0,
          1.0,
          0.0
        ],
        [
          0.0,
          0.0,
          1.0
        ],
        [
          2148.72,
          8.0479,
          1700.08
        ]
      ]
    },
    {
      "_template": "rendinst_replicated",
      "ri_extra__name": "conex_box_b",
      "transform": [
        [
          0.0213758,
          -0.0049935,
          0.999759
        ],
        [
          0.0,
          0.999988,
          0.00499464
        ],
        [
          -0.999772,
          -0.000106764,
          0.0213755
        ],
        [
          2123.02,
          8.13303,
          1778.5
        ]
      ]
    },
    {
      "_template": "rendinst_replicated",
      "ri_extra__name": "conex_box_b",
      "transform": [
        [
          -0.999983,
          -0.0049935,
          0.00297084
        ],
        [
          -0.0049938,
          0.999988,
          -0.0000919302
        ],
        [
          -0.00297034,
          -0.000106764,
          -0.999996
        ],
        [
          2123.83,
          8.13303,
          1772.97
        ]
      ]
    },
    {
      "_template": "rendinst_replicated",
      "ri_extra__name": "conex_box_b",
      "transform": [
        [
          0.0213758,
          0.0,
          0.999772
        ],
        [
          0.0,
          1.0,
          0.0
        ],
        [
          -0.999772,
          0.0,
          0.0213758
        ],
        [
          2095.94,
          8.13301,
          1769.15
        ]
      ]
    },
    {
      "_template": "rendinst_replicated",
      "ri_extra__name": "conex_box_b",
      "transform": [
        [
          -0.99886,
          0.0,
          0.0477384
        ],
        [
          0.0,
          1.0,
          0.0
        ],
        [
          -0.0477384,
          0.0,
          -0.99886
        ],
        [
          2091.88,
          8.13301,
          1770.57
        ]
      ]
    },
    {
      "_template": "rendinst_replicated",
      "ri_extra__name": "conex_box_b",
      "transform": [
        [
          -0.0625821,
          0.0,
          -0.99804
        ],
        [
          0.0,
          1.0,
          0.0
        ],
        [
          0.99804,
          0.0,
          -0.0625821
        ],
        [
          2094.87,
          11.1483,
          1769.13
        ]
      ]
    },
    {
      "_template": "rendinst_replicated",
      "ri_extra__name": "conex_box_b",
      "transform": [
        [
          -0.99882,
          0.0,
          0.0485641
        ],
        [
          0.0,
          1.0,
          0.0
        ],
        [
          -0.0485641,
          0.0,
          -0.99882
        ],
        [
          2065.37,
          8.13301,
          1775.85
        ]
      ]
    },
    {
      "_template": "rendinst_replicated",
      "ri_extra__name": "conex_box_b",
      "transform": [
        [
          -0.999978,
          0.0,
          -0.00660114
        ],
        [
          0.0,
          1.0,
          0.0
        ],
        [
          0.00660114,
          0.0,
          -0.999978
        ],
        [
          2071.06,
          11.0733,
          1775.45
        ]
      ]
    },
    {
      "_template": "rendinst_replicated",
      "ri_extra__name": "conex_box_b",
      "transform": [
        [
          -0.0443931,
          0.0,
          0.999014
        ],
        [
          0.0,
          1.0,
          0.0
        ],
        [
          -0.999014,
          0.0,
          -0.0443931
        ],
        [
          2071.95,
          8.13301,
          1777.87
        ]
      ]
    },
    {
      "_template": "rendinst_replicated",
      "ri_extra__name": "conex_box_b",
      "transform": [
        [
          -0.99882,
          0.0,
          0.0485641
        ],
        [
          0.0,
          1.0,
          0.0
        ],
        [
          -0.0485641,
          0.0,
          -0.99882
        ],
        [
          2068.19,
          8.13301,
          1775.42
        ]
      ]
    },
    {
      "_template": "rendinst_replicated",
      "ri_extra__name": "conex_box_b",
      "transform": [
        [
          -0.99882,
          0.0,
          0.0485641
        ],
        [
          0.0,
          1.0,
          0.0
        ],
        [
          -0.0485641,
          0.0,
          -0.99882
        ],
        [
          2071.01,
          8.13301,
          1773.98
        ]
      ]
    },
    {
      "_template": "rendinst_replicated",
      "ri_extra__name": "ussr_hopper_wagon_1933",
      "transform": [
        [
          1.0,
          0.0,
          0.0
        ],
        [
          0.0,
          1.0,
          0.0
        ],
        [
          0.0,
          0.0,
          1.0
        ],
        [
          2044.32,
          8.04729,
          1759.06
        ]
      ]
    },
    {
      "_template": "rendinst_replicated",
      "ri_extra__name": "ussr_locomotive_e_1298",
      "transform": [
        [
          1.0,
          0.0,
          0.0
        ],
        [
          0.0,
          1.0,
          0.0
        ],
        [
          0.0,
          0.0,
          1.0
        ],
        [
          2028.07,
          8.0479,
          1759.01
        ]
      ]
    },
    {
      "_template": "rendinst_replicated",
      "ri_extra__name": "conex_box_b",
      "transform": [
        [
          -0.0443931,
          0.0,
          0.999014
        ],
        [
          0.0,
          1.0,
          0.0
        ],
        [
          -0.999014,
          0.0,
          -0.0443931
        ],
        [
          2164.96,
          8.13301,
          1687.51
        ]
      ]
    },
    {
      "_template": "rendinst_replicated",
      "ri_extra__name": "conex_box_b",
      "transform": [
        [
          -0.999615,
          0.0,
          -0.0277319
        ],
        [
          0.0,
          1.0,
          0.0
        ],
        [
          0.0277319,
          0.0,
          -0.999615
        ],
        [
          2191.9,
          8.13301,
          1686.24
        ]
      ]
    },
    {
      "_template": "rendinst_replicated",
      "ri_extra__name": "conex_box_b",
      "transform": [
        [
          -0.999978,
          0.0,
          -0.00660114
        ],
        [
          0.0,
          1.0,
          0.0
        ],
        [
          0.00660114,
          0.0,
          -0.999978
        ],
        [
          2164.08,
          11.0733,
          1685.09
        ]
      ]
    },
    {
      "_template": "rendinst_replicated",
      "ri_extra__name": "conex_box_b",
      "transform": [
        [
          -0.999615,
          0.0,
          -0.0277319
        ],
        [
          0.0,
          1.0,
          0.0
        ],
        [
          0.0277319,
          0.0,
          -0.999615
        ],
        [
          2194.74,
          8.13301,
          1686.27
        ]
      ]
    },
    {
      "_template": "rendinst_replicated",
      "ri_extra__name": "conex_box_b",
      "transform": [
        [
          -0.99882,
          0.0,
          0.0485641
        ],
        [
          0.0,
          1.0,
          0.0
        ],
        [
          -0.0485641,
          0.0,
          -0.99882
        ],
        [
          2162.55,
          8.13301,
          1683.63
        ]
      ]
    },
    {
      "_template": "rendinst_replicated",
      "ri_extra__name": "conex_box_b",
      "transform": [
        [
          -0.99882,
          0.0,
          0.0485641
        ],
        [
          0.0,
          1.0,
          0.0
        ],
        [
          -0.0485641,
          0.0,
          -0.99882
        ],
        [
          2165.22,
          8.13301,
          1683.56
        ]
      ]
    },
    {
      "_template": "rendinst_replicated",
      "ri_extra__name": "conex_box_b",
      "transform": [
        [
          -0.0398237,
          0.0,
          -0.999207
        ],
        [
          0.0,
          1.0,
          0.0
        ],
        [
          0.999207,
          0.0,
          -0.0398237
        ],
        [
          2165.03,
          8.13301,
          1679.55
        ]
      ]
    },
    {
      "_template": "rendinst_replicated",
      "ri_extra__name": "conex_box_b",
      "transform": [
        [
          0.999758,
          0.0,
          -0.0219973
        ],
        [
          0.0,
          1.0,
          0.0
        ],
        [
          0.0219973,
          0.0,
          0.999758
        ],
        [
          2214.27,
          8.04741,
          1686.09
        ]
      ]
    },
    {
      "_template": "rendinst_replicated",
      "ri_extra__name": "conex_box_b",
      "transform": [
        [
          0.0244339,
          0.0,
          -0.999702
        ],
        [
          0.0,
          1.0,
          0.0
        ],
        [
          0.999702,
          0.0,
          0.0244339
        ],
        [
          2211.71,
          10.9878,
          1685.04
        ]
      ]
    },
    {
      "_template": "rendinst_replicated",
      "ri_extra__name": "conex_box_b",
      "transform": [
        [
          -0.0307432,
          0.0,
          -0.999527
        ],
        [
          0.0,
          1.0,
          0.0
        ],
        [
          0.999527,
          0.0,
          -0.0307432
        ],
        [
          2210.24,
          8.04741,
          1683.55
        ]
      ]
    },
    {
      "_template": "rendinst_replicated",
      "ri_extra__name": "conex_box_b",
      "transform": [
        [
          -0.0307432,
          0.0,
          -0.999527
        ],
        [
          0.0,
          1.0,
          0.0
        ],
        [
          0.999527,
          0.0,
          -0.0307432
        ],
        [
          2210.26,
          8.04741,
          1686.21
        ]
      ]
    },
    {
      "_template": "rendinst_replicated",
      "ri_extra__name": "ussr_locomotive_e_1298_dmg",
      "transform": [
        [
          1.0,
          0.0,
          0.0
        ],
        [
          0.0,
          1.0,
          0.0
        ],
        [
          0.0,
          0.0,
          1.0
        ],
        [
          2289.15,
          8.00517,
          1691.46
        ]
      ]
    },
    {
      "_template": "rendinst_replicated",
      "ri_extra__name": "ussr_freight_car_1926",
      "transform": [
        [
          1.0,
