{
  "selected_tag": "",
  "bin_dump_file": "",
  "mission_settings": {
    "player": {
      "army": 1,
      "wing": [
        "t1_player01",
        "t1_player02",
        "t1_player03",
        "t1_player04",
        "t1_player05",
        "t1_player06",
        "t1_player07",
        "t1_player08",
        "t1_player09",
        "t1_player10",
        "t1_player11",
        "t1_player12",
        "t1_player13",
        "t1_player14",
        "t1_player15",
        "t1_player16"
      ]
    },
    "player_teamB": {
      "army": 2,
      "wing": [
        "t2_player01",
        "t2_player02",
        "t2_player03",
        "t2_player04",
        "t2_player05",
        "t2_player06",
        "t2_player07",
        "t2_player08",
        "t2_player09",
        "t2_player10",
        "t2_player11",
        "t2_player12",
        "t2_player13",
        "t2_player14",
        "t2_player15",
        "t2_player16",
        "t2_player17"
      ]
    },
    "mission": {
      "level": "levels/air_zhengzhou.bin",
      "type": "domination",
      "environment": "Day",
      "weather": "good",
      "locName": "missions/_GS/medium_tank;location/zhengzhou",
      "locDesc": "missions/_GS/desc",
      "scoreLimit": 3800,
      "timeLimit": 15,
      "deathPenaltyMul": 0.2,
      "country_axis": "germany",
      "country_allies": "ussr",
      "restoreType": "attempts",
      "optionalTakeOff": false,
      "allowedUnitTypes": {
        "isAirplanesAllowed": true,
        "isTanksAllowed": false,
        "isShipsAllowed": false,
        "isHelicoptersAllowed": false
      },
      "editSlotbar": {
        "keepOwnUnits": false,
        "country_usa": {
          "he51c1": {
            "crewSkillsPercent": 100,
            "crewSpecialization": 2,
            "allWeapons": true,
            "allModifications": true
          }
        }
      }
    },
    "spectator_points": {
      "spectatorPoint": [
        "spectator_point_01",
        "spectator_point_02",
        "spectator_point_03",
        "spectator_point_04"
      ]
    },
    "briefing": {
      "place_loc": "",
      "date_loc": "",
      "objective_loc": "",
      "music": "action_01",
      "part": {
        "event": "",
        "minTime": 0,
        "slide": {
          "map": true,
          "minTime": 4,
          "picture": "",
          "showAirMap": false,
          "arrow": [
            {
              "width": 1,
              "side": "ally",
              "point": [
                "t1_briefing_attack_point_01",
                "t2_briefing_defend_point"
              ]
            },
            {
              "width": 1,
              "side": "ally",
              "point": [
                "t1_briefing_attack_point_02",
                "t2_briefing_defend_point"
              ]
            },
            {
              "width": 1,
              "side": "enemy",
              "point": [
                "t2_briefing_attack_point_01",
                "t1_briefing_defend_point"
              ]
            },
            {
              "width": 1,
              "side": "enemy",
              "point": [
                "t2_briefing_attack_point_02",
                "t1_briefing_defend_point"
              ]
            }
          ],
          "icon": [
            {
              "icontype": "fighter",
              "side": "ally",
              "target": "t1_bombers_spawn",
              "lookAt": "area_01"
            },
            {
              "icontype": "fighter",
              "side": "enemy",
              "target": "t2_bombers_spawn",
              "lookAt": "area_01"
            },
            {
              "icontype": "artillery",
              "side": "ally",
              "target": "t1_briefing_defend_point"
            },
            {
              "icontype": "artillery",
              "side": "enemy",
              "target": "t2_briefing_defend_point"
            },
            {
              "icontype": "tank",
              "side": "ally",
              "target": "t1_briefing_attack_point_01"
            },
            {
              "icontype": "tank",
              "side": "ally",
              "target": "t1_briefing_attack_point_02"
            },
            {
              "icontype": "tank",
              "side": "enemy",
              "target": "t2_briefing_attack_point_01"
            },
            {
              "icontype": "tank",
              "side": "enemy",
              "target": "t2_briefing_attack_point_02"
            }
          ]
        }
      }
    }
  },
  "imports": {
    "import_record": [
      {
        "file": "gameData/missions/templates/plane_templates/base_logic_template.blk",
        "importAreas": true,
        "importUnits": true,
        "importTriggers": true,
        "importMissionObjectives": true,
        "importWayPoints": true,
        "showAreas": true,
        "showUnits": true,
        "showTriggers": true,
        "showMissionObjectives": true,
        "showWayPoints": true,
        "excludes": {}
      },
      {
        "file": "gameData/missions/templates/plane_templates/land_units_death_template.blk",
        "importAreas": true,
        "importUnits": true,
        "importTriggers": true,
        "importMissionObjectives": true,
        "importWayPoints": true,
        "showAreas": true,
        "showUnits": true,
        "showTriggers": true,
        "showMissionObjectives": true,
        "showWayPoints": true,
        "excludes": {}
      },
      {
        "file": "gameData/missions/templates/plane_templates/land_units_move_template.blk",
        "importAreas": true,
        "importUnits": true,
        "importTriggers": true,
        "importMissionObjectives": true,
        "importWayPoints": true,
        "showAreas": true,
        "showUnits": true,
        "showTriggers": true,
        "showMissionObjectives": true,
        "showWayPoints": true,
        "excludes": {}
      },
      {
        "file": "gameData/missions/templates/plane_templates/destroy_bomb_areas_template.blk",
        "importAreas": true,
        "importUnits": true,
        "importTriggers": true,
        "importMissionObjectives": true,
        "importWayPoints": true,
        "showAreas": true,
        "showUnits": true,
        "showTriggers": true,
        "showMissionObjectives": true,
        "showWayPoints": true,
        "excludes": {}
      },
      {
        "file": "gameData/missions/templates/plane_templates/destroy_airfield_zone_template.blk",
        "importAreas": true,
        "importUnits": true,
        "importTriggers": true,
        "importMissionObjectives": true,
        "importWayPoints": true,
        "showAreas": true,
        "showUnits": true,
        "showTriggers": true,
        "showMissionObjectives": true,
        "showWayPoints": true,
        "excludes": {}
      },
      {
        "file": "gameData/missions/templates/plane_templates/gs_objectives_template.blk",
        "importAreas": true,
        "importUnits": true,
        "importTriggers": true,
        "importMissionObjectives": true,
        "importWayPoints": true,
        "showAreas": true,
        "showUnits": true,
        "showTriggers": true,
        "showMissionObjectives": true,
        "showWayPoints": true,
        "excludes": {}
      },
      {
        "file": "gameData/missions/templates/plane_templates/arcade_spawner.blk",
        "importAreas": true,
        "importUnits": true,
        "importTriggers": true,
        "importMissionObjectives": true,
        "importWayPoints": true,
        "showAreas": true,
        "showUnits": true,
        "showTriggers": true,
        "showMissionObjectives": true,
        "showWayPoints": true,
        "excludes": {}
      },
      {
        "file": "gameData/missions/templates/plane_templates/aat_aaa_template.blk",
        "importAreas": true,
        "importUnits": true,
        "importTriggers": true,
        "importMissionObjectives": true,
        "importWayPoints": true,
        "showAreas": true,
        "showUnits": true,
        "showTriggers": true,
        "showMissionObjectives": true,
        "showWayPoints": true,
        "excludes": {}
      },
      {
        "file": "gameData/missions/templates/plane_templates/bridges/zhengzhou.blk",
        "importAreas": true,
        "importUnits": true,
        "importTriggers": true,
        "importMissionObjectives": true,
        "importWayPoints": true,
        "showAreas": true,
        "showUnits": true,
        "showTriggers": true,
        "showMissionObjectives": true,
        "showWayPoints": true,
        "excludes": {}
      }
    ]
  },
  "triggers": {
    "isCategory": true,
    "is_enabled": true,
    "start_mission": {
      "is_enabled": true,
      "comments": "",
      "props": {
        "actionsType": "PERFORM_ONE_BY_ONE",
        "conditionsType": "ALL",
        "enableAfterComplete": false
      },
      "events": {
        "initMission": {}
      },
      "conditions": {},
      "actions": {
        "varSetBool": [
          {
            "value": false,
            "var": "barabashka_enabled"
          },
          {
            "value": true,
            "var": "isBombingZonesAffect"
          }
        ],
        "varSetInt": [
          {
            "value": 4,
            "var": "max_bomb_areas"
          },
          {
            "value": 600,
            "var": "long_time_is"
          },
          {
            "value": 900,
            "var": "long_time_arcade_timer"
          },
          {
            "value": 64000,
            "var": "long_time_arcade_distance"
          }
        ],
        "comment": [
          {
            "value": "zadaem nachal'nuyu skorost' unichtozheniya nazemki"
          },
          {
            "value": "zadaem znacheniya dlya predotvrashcheniya dlinnyh sessij"
          },
          {
            "value": "nachinaetsya logika missii"
          }
        ],
        "varSetReal": [
          {
            "value": 1800.0,
            "var": [
              "arcade_destroy_timer",
              "historical_destroy_timer"
            ]
          },
          {
            "value": 250.0,
            "var": "nearDamageDistance"
          }
        ],
        "unitSetIndication": [
          {
            "set": true,
            "target_marking": 0,
            "object_var_name": "",
            "object_var_comp_op": "equal",
            "object_var_value": 0,
            "target": "t1_quest_units_squad",
            "team": "B"
          },
          {
            "set": true,
            "target_marking": 0,
            "object_var_name": "",
            "object_var_comp_op": "equal",
            "object_var_value": 0,
            "target": "t2_quest_units_squad",
            "team": "A"
          }
        ],
        "unitSetProperties": [
          {
            "object_marking": 0,
            "object_var_name": "",
            "object_var_comp_op": "equal",
            "object_var_value": 0,
            "object": [
              "t1_tanks_squad",
              "t2_tanks_squad",
              "t1_bunkers_squad",
              "t2_bunkers_squad",
              "t1_art_squad",
              "t2_art_squad"
            ],
            "accuracy": 0.0,
            "effShootingRate": 0.0
          },
          {
            "object_marking": 0,
            "object_var_name": "",
            "object_var_comp_op": "equal",
            "object_var_value": 0,
            "object": [
              "t1_trucks_squad",
              "t2_trucks_squad",
              "t1_aaa_squad",
              "t2_aaa_squad"
            ],
            "accuracy": 0.1,
            "effShootingRate": 0.0,
            "airEffShootingRate": 0.1,
            "fireRandom": true,
            "targetChangeInterval": 5.0,
            "targetChangeProb": 0.25
          }
        ]
      },
      "else_actions": {}
    },
    "update_indicators": {
      "is_enabled": false,
      "comments": "",
      "props": {
        "actionsType": "PERFORM_ONE_BY_ONE",
        "conditionsType": "ALL",
        "enableAfterComplete": true
      },
      "events": {
        "periodicEvent": {
          "time": 1.0
        }
      },
      "conditions": {},
      "actions": {
        "missionSetTargetsIndicator": [
          {
            "target_type": "isActive",
            "target_marking": 0,
            "delta": 0,
            "icon": "tank",
            "icon army": 1,
            "set": true,
            "object_var_name": "",
            "object_var_comp_op": "equal",
            "object_var_value": 0,
            "target": "t1_quest_units_squad"
          },
          {
            "target_type": "isActive",
            "target_marking": 0,
            "delta": 0,
            "icon": "tank",
            "icon army": 2,
            "set": true,
            "object_var_name": "",
            "object_var_comp_op": "equal",
            "object_var_value": 0,
            "target": "t2_quest_units_squad"
          }
        ]
      },
      "else_actions": {}
    }
  },
  "mission_objectives": {
    "isCategory": true,
    "is_enabled": true
  },
  "variables": {},
  "dialogs": {},
  "airfields": {},
  "effects": {},
  "units": {
    "objectGroups": [
      {
        "name": "t1_airfield",
        "tm": [
          [
            0.134113,
            0.0,
            -0.990966
          ],
          [
            0.0,
            1.0,
            0.0
          ],
          [
            0.990966,
            0.0,
            0.134113
          ],
          [
            -7212.02,
            318.52,
            -12659.4
          ]
        ],
        "unit_class": "dynaf_universal_1line_c_snow_nolight",
        "objLayer": 2,
        "props": {
          "army": 1,
          "active": true
        }
      },
      {
        "name": "t2_airfield",
        "tm": [
          [
            -0.0628579,
            0.0,
            0.998023
          ],
          [
            0.0,
            1.0,
            0.0
          ],
          [
            -0.998023,
            0.0,
            -0.0628579
          ],
          [
            -8175.0,
            163.05,
            8919.5
          ]
        ],
        "unit_class": "dynaf_universal_1line_c_snow_nolight",
        "objLayer": 2,
        "props": {
          "army": 2,
          "active": true
        }
      },
      {
        "name": "objectGroups_01",
        "tm": [
          [
            0.999863,
            0.0165373,
            0.0
          ],
          [
            -0.0165373,
            0.999863,
            0.0
          ],
          [
            0.0,
            0.0,
            1.0
          ],
          [
            -7561.65,
            127.15,
            -4393.6
          ]
        ],
        "unit_class": "dynTrench_small_bunker_axis",
        "objLayer": 2,
        "props": {
          "army": 0,
          "active": true
        }
      },
      {
        "name": "objectGroups_02",
        "tm": [
          [
            0.584673,
            0.0119755,
            -0.81118
          ],
          [
            -0.0153102,
            0.999875,
            0.00372612
          ],
          [
            0.811125,
            0.0102408,
            0.584783
          ],
          [
            -9797.05,
            136.35,
            -3215.85
          ]
        ],
        "unit_class": "dynTrench_small_bunker_axis",
        "objLayer": 2,
        "props": {
          "army": 0,
          "active": true
        }
      },
      {
        "name": "objectGroups_03",
        "tm": [
          [
            0.707137,
            -0.0118817,
            0.706977
          ],
          [
            0.00976368,
            0.999927,
            0.00703914
          ],
          [
            -0.70701,
            0.00192512,
            0.707202
          ],
          [
            -5413.05,
            111.3,
            -3189.8
          ]
        ],
        "unit_class": "dynTrench_small_bunker_axis",
        "objLayer": 2,
        "props": {
          "army": 0,
          "active": true
        }
      },
      {
        "name": "objectGroups_07",
        "tm": [
          [
            -0.990475,
            0.0157472,
            0.136784
          ],
          [
            0.0154742,
            0.999875,
            -0.00305843
          ],
          [
            -0.136815,
            -0.000912672,
            -0.990596
          ],
          [
            -7650.65,
            102.3,
            749.262
          ]
        ],
        "unit_class": "dynTrench_small_bunker_axis",
        "objLayer": 2,
        "props": {
          "army": 0,
          "active": true
        }
      },
      {
        "name": "objectGroups_08",
        "tm": [
          [
            -0.719399,
            0.0384276,
            -0.693533
          ],
          [
            0.0282963,
            0.99926,
            0.0260159
          ],
          [
            0.694021,
            -0.000908665,
            -0.719955
          ],
          [
            -10148.0,
            125.9,
            -376.7
          ]
        ],
        "unit_class": "dynTrench_small_bunker_axis",
        "objLayer": 2,
        "props": {
          "army": 0,
          "active": true
        }
      },
      {
        "name": "objectGroups_09",
        "tm": [
          [
            -0.673648,
            -0.00453405,
            0.739039
          ],
          [
            -0.00932358,
            0.999953,
            -0.00236384
          ],
          [
            -0.738993,
            -0.00848289,
            -0.67366
          ],
          [
            -5584.8,
            104.7,
            -388.4
          ]
        ],
        "unit_class": "dynTrench_small_bunker_axis",
        "objLayer": 2,
        "props": {
          "army": 0,
          "active": true
        }
      },
      {
        "name": "t1_bomb_target_02",
        "tm": [
          [
            1.0,
            0.0,
            0.0
          ],
          [
            0.0,
            1.0,
            0.0
          ],
          [
            0.0,
            0.0,
            1.0
          ],
          [
            -3507.05,
            190.06,
            -8472.95
          ]
        ],
        "unit_class": "dynBase_oil_storage_large_square",
        "objLayer": 2,
        "props": {
          "army": 1,
          "active": true
        }
      },
      {
        "name": "t1_bomb_target_03",
        "tm": [
          [
            1.0,
            0.0,
            0.0
          ],
          [
            0.0,
            1.0,
            0.0
          ],
          [
            0.0,
            0.0,
            1.0
          ],
          [
            1342.95,
            126.15,
            -6871.45
          ]
        ],
        "unit_class": "dynBase_hq_camp_square",
        "objLayer": 2,
        "props": {
          "army": 1,
          "active": true
        }
      },
      {
        "name": "t1_bomb_target_01",
        "tm": [
          [
            0.793353,
            0.0,
            0.608761
          ],
          [
            0.0,
            1.0,
            0.0
          ],
          [
            -0.608761,
            0.0,
            0.793353
          ],
          [
            -16817.5,
            272.607,
            -7387.47
          ]
        ],
        "unit_class": "dynBase_petrol_camp_square",
        "objLayer": 2,
        "props": {
          "army": 1,
          "active": true
        }
      },
      {
        "name": "t2_bomb_target_02",
        "tm": [
          [
            1.0,
            0.0,
            0.0
          ],
          [
            0.0,
            1.0,
            0.0
          ],
          [
            0.0,
            0.0,
            1.0
          ],
          [
            -2375.3,
            102.05,
            3770.75
          ]
        ],
        "unit_class": "dynBase_petrol_camp_square",
        "objLayer": 2,
        "props": {
          "army": 2,
          "active": true
        }
      },
      {
        "name": "t2_bomb_target_03",
        "tm": [
          [
            1.0,
            0.0,
            0.0
          ],
          [
            0.0,
            1.0,
            0.0
          ],
          [
            0.0,
            0.0,
            1.0
          ],
          [
            -16620.4,
            115.65,
            3450.85
          ]
        ],
        "unit_class": "dynBase_military_base_square",
        "objLayer": 2,
        "props": {
          "army": 2,
          "active": true
        }
      },
      {
        "name": "t2_bomb_target_01",
        "tm": [
          [
            0.819152,
            0.0,
            -0.573576
          ],
          [
            0.0,
            1.0,
            0.0
          ],
          [
            0.573576,
            0.0,
            0.819152
          ],
          [
            872.5,
            87.8,
            5021.9
          ]
        ],
        "unit_class": "dynBase_ammunition_camp_square",
        "objLayer": 2,
        "props": {
          "army": 2,
          "active": true
        }
      },
      {
        "name": "t1_bomb_target_04",
        "tm": [
          [
            1.0,
            0.0,
            0.0
          ],
          [
            0.0,
            1.0,
            0.0
          ],
          [
            0.0,
            0.0,
            1.0
          ],
          [
            -13121.3,
            265.197,
            -8833.31
          ]
        ],
        "unit_class": "dynBase_small_factory_square",
        "objLayer": 2,
        "props": {
          "army": 1,
          "active": true
        }
      },
      {
        "name": "t2_bomb_target_04",
        "tm": [
          [
            1.0,
            0.0,
            0.0
          ],
          [
            0.0,
            1.0,
            0.0
          ],
          [
            0.0,
            0.0,
            1.0
          ],
          [
            -12788.7,
            110.15,
            4945.5
          ]
        ],
        "unit_class": "dynBase_hq_camp_square",
        "objLayer": 2,
        "props": {
          "army": 2,
          "active": true
        }
      },
      {
        "name": "no_trees_01",
        "tm": [
          [
            0.787841,
            0.026177,
            0.615321
          ],
          [
            -0.0206304,
            0.999657,
            -0.0161128
          ],
          [
            -0.615533,
            0.0,
            0.788111
          ],
          [
            -9316.95,
            246.792,
            -2876.45
          ]
        ],
        "unit_class": "noTreeObjectGroup",
        "objLayer": 2,
        "props": {
          "army": 0,
          "active": true
        }
      },
      {
        "name": "no_trees_03",
        "tm": [
          [
            0.750802,
            0.026177,
            -0.660008
          ],
          [
            -0.0196604,
            0.999657,
            0.0172829
          ],
          [
            0.660235,
            0.0,
            0.751059
          ],
          [
            -9513.05,
            246.792,
            -1032.75
          ]
        ],
        "unit_class": "noTreeObjectGroup",
        "objLayer": 2,
        "props": {
          "army": 0,
          "active": true
        }
      },
      {
        "name": "no_trees_04",
        "tm": [
          [
            -0.110348,
            0.026177,
            -0.993548
          ],
          [
            0.00288957,
            0.999657,
            0.026017
          ],
          [
            0.993888,
            0.0,
            -0.110386
          ],
          [
            -7721.95,
            246.792,
            139.532
          ]
        ],
        "unit_class": "noTreeObjectGroup",
        "objLayer": 2,
        "props": {
          "army": 0,
          "active": true
        }
      },
      {
        "name": "no_trees_05",
        "tm": [
          [
            -0.730914,
            0.026177,
            -0.681967
          ],
          [
            0.0191397,
            0.999657,
            0.017858
          ],
          [
            0.682201,
            0.0,
            -0.731165
          ],
          [
            -6077.05,
            256.316,
            -861.648
          ]
        ],
        "unit_class": "noTreeObjectGroup",
        "objLayer": 2,
        "props": {
          "army": 0,
          "active": true
        }
      },
      {
        "name": "no_trees_06",
        "tm": [
          [
            0.00539252,
            0.026177,
            0.999642
          ],
          [
            -0.000141207,
            0.999657,
            -0.0261766
          ],
          [
            -0.999985,
            0.0,
            0.0053944
          ],
          [
            -7645.35,
            246.792,
            -3650.45
          ]
        ],
        "unit_class": "noTreeObjectGroup",
        "objLayer": 2,
        "props": {
          "army": 0,
          "active": true
        }
      },
      {
        "name": "objectGroups_10",
        "tm": [
          [
            -0.940982,
            0.0157472,
            0.338089
          ],
          [
            0.014511,
            0.999875,
            -0.00618361
          ],
          [
            -0.338144,
            -0.000912672,
            -0.941094
          ],
          [
            -6640.05,
            102.6,
            376.5
          ]
        ],
        "unit_class": "dynTrench_small_bunker_axis",
        "objLayer": 2,
        "props": {
          "army": 0,
          "active": true
        }
      },
      {
        "name": "objectGroups_11",
        "tm": [
          [
            -0.920994,
            0.0157472,
            -0.389255
          ],
          [
            0.0148602,
            0.999875,
            0.00528963
          ],
          [
            0.389291,
            -0.000912672,
            -0.921114
          ],
          [
            -8840.25,
            115.5,
            567.922
          ]
        ],
        "unit_class": "dynTrench_small_bunker_axis",
        "objLayer": 2,
        "props": {
          "army": 0,
          "active": true
        }
      },
      {
        "name": "no_trees_07",
        "tm": [
          [
            0.407639,
            0.026177,
            -0.912767
          ],
          [
            -0.0106744,
            0.999657,
            0.0239017
          ],
          [
            0.91308,
            0.0,
            0.407779
          ],
          [
            -8792.35,
            218.481,
            420.732
          ]
        ],
        "unit_class": "noTreeObjectGroup",
        "objLayer": 2,
        "props": {
          "army": 0,
          "active": true
        }
      },
      {
        "name": "no_trees_08",
        "tm": [
          [
            0.299861,
            0.026177,
            -0.953623
          ],
          [
            -0.00785214,
            0.999657,
            0.0249715
          ],
          [
            0.95395,
            0.0,
            0.299964
          ],
          [
            -8298.25,
            246.792,
            753.332
          ]
        ],
        "unit_class": "noTreeObjectGroup",
        "objLayer": 2,
        "props": {
          "army": 0,
          "active": true
        }
      },
      {
        "name": "no_trees_09",
        "tm": [
          [
            0.513008,
            0.026177,
            -0.857985
          ],
          [
            -0.0134336,
            0.999657,
            0.0224671
          ],
          [
            0.858279,
            0.0,
            0.513183
          ],
          [
            -9637.15,
            246.792,
            -240.798
          ]
        ],
        "unit_class": "noTreeObjectGroup",
        "objLayer": 2,
        "props": {
          "army": 0,
          "active": true
        }
      },
      {
        "name": "no_trees_10",
        "tm": [
          [
            -0.573496,
            0.026177,
            -0.81879
          ],
          [
            0.0150175,
            0.999657,
            0.0214408
          ],
          [
            0.819071,
            0.0,
            -0.573693
          ],
          [
            -6133.15,
            246.792,
            219.271
          ]
        ],
        "unit_class": "noTreeObjectGroup",
        "objLayer": 2,
        "props": {
          "army": 0,
          "active": true
        }
      },
      {
        "name": "no_trees_11",
        "tm": [
          [
            -0.209371,
            0.026177,
            -0.977486
          ],
          [
            0.00548254,
            0.999657,
            0.0255964
          ],
          [
            0.977821,
            0.0,
            -0.209443
          ],
          [
            -6945.45,
            246.792,
            -203.918
          ]
        ],
        "unit_class": "noTreeObjectGroup",
        "objLayer": 2,
        "props": {
          "army": 0,
          "active": true
        }
      },
      {
        "name": "no_trees_12",
        "tm": [
          [
            -0.158859,
            0.026177,
            0.986954
          ],
          [
            0.00415985,
            0.999657,
            -0.0258444
          ],
          [
            -0.987293,
            0.0,
            -0.158913
          ],
          [
            -6214.65,
            246.792,
            -3948.05
          ]
        ],
        "unit_class": "noTreeObjectGroup",
        "objLayer": 2,
        "props": {
          "army": 0,
          "active": true
        }
      },
      {
        "name": "no_trees_13",
        "tm": [
          [
            -0.158859,
            0.026177,
            0.986954
          ],
          [
            0.00415985,
            0.999657,
            -0.0258444
          ],
          [
            -0.987293,
            0.0,
            -0.158913
          ],
          [
            -7135.05,
            246.792,
            -4358.15
          ]
        ],
        "unit_class": "noTreeObjectGroup",
        "objLayer": 2,
        "props": {
          "army": 0,
          "active": true
        }
      },
      {
        "name": "no_trees_14",
        "tm": [
          [
            0.59182,
            0.026177,
            0.805644
          ],
          [
            -0.0154974,
            0.999657,
            -0.0210966
          ],
          [
            -0.805921,
            0.0,
            0.592023
          ],
          [
            -9089.65,
            246.792,
            -3997.85
          ]
        ],
        "unit_class": "noTreeObjectGroup",
        "objLayer": 2,
        "props": {
          "army": 0,
          "active": true
        }
      },
      {
        "name": "objectGroups_04",
        "tm": [
          [
            0.999863,
            0.0165373,
            0.0
          ],
          [
            -0.0165373,
            0.999863,
            0.0
          ],
          [
            0.0,
            0.0,
            1.0
          ],
          [
            -8818.25,
            144.25,
            -4645.75
          ]
        ],
        "unit_class": "dynTrench_small_bunker_axis",
        "objLayer": 2,
        "props": {
          "army": 0,
          "active": true
        }
      },
      {
        "name": "objectGroups_05",
        "tm": [
          [
            0.944619,
            0.00342724,
            0.328152
          ],
          [
            0.0195993,
            0.997571,
            -0.0668372
          ],
          [
            -0.327584,
            0.0695672,
            0.942258
          ],
          [
            -5835.15,
            118.3,
            -4294.1
          ]
        ],
        "unit_class": "dynTrench_small_bunker_axis",
        "objLayer": 2,
        "props": {
          "army": 0,
          "active": true
        }
      },
      {
        "name": "objectGroups_06",
        "tm": [
          [
            0.707137,
            -0.0238713,
            0.706674
          ],
          [
            0.00976368,
            0.999664,
            0.0239983
          ],
          [
            -0.70701,
            -0.0100703,
            0.707133
          ],
          [
            -4746.35,
            111.3,
            -3595.6
          ]
        ],
        "unit_class": "dynTrench_small_bunker_axis",
        "objLayer": 2,
        "props": {
          "army": 0,
          "active": true
        }
      },
      {
        "name": "objectGroups_12",
        "tm": [
          [
            0.584673,
            0.0329284,
            -0.8106
          ],
          [
            -0.0153102,
            0.999445,
            0.0295567
          ],
          [
            0.811125,
            -0.00487054,
            0.584852
          ],
          [
            -10132.9,
            156.3,
            -3829.05
          ]
        ],
        "unit_class": "dynTrench_small_bunker_axis",
        "objLayer": 2,
        "props": {
          "army": 0,
          "active": true
        }
      },
      {
        "name": "objectGroups_13",
        "tm": [
          [
            -0.71963,
            0.0338363,
            -0.693533
          ],
          [
            0.0219194,
            0.99942,
            0.0260159
          ],
          [
            0.694013,
            0.00351992,
            -0.719955
          ],
          [
            -10270.0,
            129.8,
            77.4121
          ]
        ],
        "unit_class": "dynTrench_small_bunker_axis",
        "objLayer": 2,
        "props": {
          "army": 0,
          "active": true
        }
      },
      {
        "name": "objectGroups_14",
        "tm": [
          [
            -0.673648,
            -0.00453405,
            0.739039
          ],
          [
            -0.00932358,
            0.999953,
            -0.00236384
          ],
          [
            -0.738993,
            -0.00848289,
            -0.67366
          ],
          [
            -5445.9,
            100.3,
            532.0
          ]
        ],
        "unit_class": "dynTrench_small_bunker_axis",
        "objLayer": 2,
        "props": {
          "army": 0,
          "active": true
        }
      },
      {
        "name": "objectGroups_15",
        "tm": [
          [
            -0.719399,
            0.022514,
            -0.694232
          ],
          [
            0.0282963,
            0.999594,
            0.00309497
          ],
          [
            0.694021,
            -0.0174178,
            -0.719745
          ],
          [
            -10661.2,
            127.85,
            -582.2
          ]
        ],
        "unit_class": "dynTrench_small_bunker_axis",
        "objLayer": 2,
        "props": {
          "army": 0,
          "active": true
        }
      },
      {
        "name": "objectGroups_16",
        "tm": [
          [
            -0.674159,
            -0.00932246,
            0.738528
          ],
          [
            0.0181394,
            0.999409,
            0.029174
          ],
          [
            -0.738363,
            0.0330644,
            -0.673592
          ],
          [
            -4545.85,
            107.454,
            -270.692
          ]
        ],
        "unit_class": "dynTrench_small_bunker_axis",
        "objLayer": 2,
        "props": {
          "army": 0,
          "active": true
        }
      }
    ],
    "armada": {
      "name": "t1_player01",
      "tm": [
        [
          1.0,
          0.0,
          0.0
        ],
        [
          0.0,
          1.0,
          0.0
        ],
        [
          0.0,
          0.0,
          1.0
        ],
        [
          -7510.65,
          607.402,
          -1888.55
        ]
      ],
      "unit_class": "he51c1",
      "objLayer": 1,
      "closed_waypoints": false,
      "isShipSpline": false,
      "shipTurnRadius": 100.0,
      "weapons": "",
      "bullets0": "",
      "bullets1": "",
      "bullets2": "",
      "bullets3": "",
      "bulletsCount0": 0,
      "bulletsCount1": 0,
      "bulletsCount2": 0,
      "bulletsCount3": 0,
      "crewSkillK": 0.0,
      "applyAllMods": false,
      "props": {
        "army": 2,
        "count": 1,
        "free_distance": 70.0,
        "floating_distance": 50.0,
        "minimum_distance_to_earth": 20.0,
        "altLimit": 6000.0,
        "attack_type": "fire_at_will",
        "skill": 4,
        "player": true,
        "plane": {
          "wing_formation": "Diamond",
          "row_distances": 3.0,
          "col_distances": 3.0,
          "super_formation": "Diamond",
          "super_row_distances": 1.5,
          "super_col_distances": 1.5,
          "ai_skill": "NORMAL",
          "task": "FLY_WAYPOINT"
        }
      },
      "way": {}
    },
    "tracked_vehicles": [
      {
        "name": "t1_tank_01",
        "tm": [
          [
            -0.335979,
            0.0,
            0.94187
          ],
          [
            0.0,
            1.0,
            0.0
          ],
          [
            -0.94187,
            0.0,
            -0.335979
          ],
          [
            -6178.65,
            217.152,
            -4550.75
          ]
        ],
        "unit_class": "germ_pzIIf",
        "objLayer": 1,
        "closed_waypoints": false,
        "isShipSpline": false,
        "shipTurnRadius": 100.0,
        "weapons": "",
        "bullets0": "",
        "bullets1": "",
        "bullets2": "",
        "bullets3": "",
        "bulletsCount0": 0,
        "bulletsCount1": 0,
        "bulletsCount2": 0,
        "bulletsCount3": 0,
        "crewSkillK": 0.0,
        "applyAllMods": false,
        "props": {
          "army": 1,
          "count": 4,
          "formation_type": "rows",
          "formation_div": 2,
          "formation_step": [
            24.0,
            6.0
          ],
          "formation_noise": [
            0.4,
            0.5
          ],
          "uniqueName": "",
          "attack_type": "fire_at_will"
        },
        "way": {
          "t1_tank_01_wp_01": {
            "type": "normal",
            "tm": [
              [
                1.0,
                0.0,
                0.0
              ],
              [
                0.0,
                1.0,
                0.0
              ],
              [
                0.0,
                0.0,
                1.0
              ],
              [
                -6446.35,
                57.7522,
                -2660.55
              ]
            ],
            "props": {
              "speed": 30.0,
              "moveType": "MOVETO_STRAIGHT",
              "tas": false,
              "shouldKeepFormation": false,
              "canUsePathFinder": false
            }
          },
          "t1_tank_01_wp_02": {
            "type": "normal",
            "tm": [
              [
                1.0,
                0.0,
                0.0
              ],
              [
                0.0,
                1.0,
                0.0
              ],
              [
                0.0,
                0.0,
                1.0
              ],
              [
                -4903.45,
                39.802,
                -431.898
              ]
            ],
            "props": {
              "speed": 30.0,
              "moveType": "MOVETO_STRAIGHT",
              "tas": false,
              "shouldKeepFormation": false,
              "canUsePathFinder": false
            }
          },
          "t1_tank_01_wp_03": {
            "type": "normal",
            "tm": [
              [
                1.0,
                0.0,
                0.0
              ],
              [
                0.0,
                1.0,
                0.0
