{
  "selected_tag": "",
  "bin_dump_file": "",
  "mission_settings": {
    "player": {
      "army": 1,
      "wing": [
        "t1_player01",
        "t1_player02",
        "t1_player03",
        "t1_player04",
        "t1_player05",
        "t1_player06",
        "t1_player07",
        "t1_player08",
        "t1_player09",
        "t1_player10",
        "t1_player11",
        "t1_player12",
        "t1_player13",
        "t1_player14",
        "t1_player15",
        "t1_player16"
      ]
    },
    "player_teamB": {
      "army": 2,
      "wing": [
        "t2_player01",
        "t2_player02",
        "t2_player03",
        "t2_player04",
        "t2_player05",
        "t2_player06",
        "t2_player07",
        "t2_player08",
        "t2_player09",
        "t2_player10",
        "t2_player11",
        "t2_player12",
        "t2_player13",
        "t2_player14",
        "t2_player15",
        "t2_player16",
        "t2_player17"
      ]
    },
    "mission": {
      "level": "levels/air_africa_desert.bin",
      "type": "domination",
      "environment": "Day",
      "weather": "good",
      "locName": "missions/_GS/medium_tank;africa_desert/name",
      "locDesc": "missions/_GS/desc",
      "scoreLimit": 3800,
      "timeLimit": 15,
      "deathPenaltyMul": 0.2,
      "country_axis": "germany",
      "country_allies": "ussr",
      "restoreType": "attempts",
      "optionalTakeOff": false,
      "allowedUnitTypes": {
        "isAirplanesAllowed": true,
        "isTanksAllowed": false,
        "isShipsAllowed": false,
        "isHelicoptersAllowed": false
      }
    },
    "spectator_points": {
      "spectatorPoint": [
        "spectator_point_01",
        "spectator_point_02",
        "spectator_point_03",
        "spectator_point_04"
      ]
    },
    "briefing": {
      "place_loc": "",
      "date_loc": "",
      "objective_loc": "",
      "music": "action_01",
      "part": {
        "event": "",
        "minTime": 0,
        "slide": {
          "map": true,
          "minTime": 4,
          "picture": "",
          "showAirMap": false,
          "arrow": [
            {
              "width": 1,
              "side": "ally",
              "point": [
                "t1_briefing_attack_point_01",
                "t2_briefing_defend_point"
              ]
            },
            {
              "width": 1,
              "side": "ally",
              "point": [
                "t1_briefing_attack_point_02",
                "t2_briefing_defend_point"
              ]
            },
            {
              "width": 1,
              "side": "enemy",
              "point": [
                "t2_briefing_attack_point_01",
                "t1_briefing_defend_point"
              ]
            },
            {
              "width": 1,
              "side": "enemy",
              "point": [
                "t2_briefing_attack_point_02",
                "t1_briefing_defend_point"
              ]
            }
          ],
          "icon": [
            {
              "icontype": "fighter",
              "side": "ally",
              "target": "t1_bombers_spawn",
              "lookAt": "area_4000"
            },
            {
              "icontype": "fighter",
              "side": "enemy",
              "target": "t2_bombers_spawn",
              "lookAt": "area_4000"
            },
            {
              "icontype": "artillery",
              "side": "ally",
              "target": "t1_briefing_defend_point"
            },
            {
              "icontype": "artillery",
              "side": "enemy",
              "target": "t2_briefing_defend_point"
            },
            {
              "icontype": "tank",
              "side": "ally",
              "target": "t1_briefing_attack_point_01"
            },
            {
              "icontype": "tank",
              "side": "ally",
              "target": "t1_briefing_attack_point_02"
            },
            {
              "icontype": "tank",
              "side": "enemy",
              "target": "t2_briefing_attack_point_01"
            },
            {
              "icontype": "tank",
              "side": "enemy",
              "target": "t2_briefing_attack_point_02"
            }
          ]
        }
      }
    }
  },
  "imports": {
    "import_record": [
      {
        "file": "gameData/missions/templates/plane_templates/base_logic_template.blk",
        "importAreas": true,
        "importUnits": true,
        "importTriggers": true,
        "importMissionObjectives": true,
        "importWayPoints": true,
        "importDialogs": true,
        "showAreas": true,
        "showUnits": true,
        "showTriggers": true,
        "showMissionObjectives": true,
        "showWayPoints": true,
        "showDialogs": true,
        "excludes": {}
      },
      {
        "file": "gameData/missions/templates/plane_templates/land_units_death_template.blk",
        "importAreas": true,
        "importUnits": true,
        "importTriggers": true,
        "importMissionObjectives": true,
        "importWayPoints": true,
        "importDialogs": true,
        "showAreas": true,
        "showUnits": true,
        "showTriggers": true,
        "showMissionObjectives": true,
        "showWayPoints": true,
        "showDialogs": true,
        "excludes": {}
      },
      {
        "file": "gameData/missions/templates/plane_templates/land_units_move_template.blk",
        "importAreas": true,
        "importUnits": true,
        "importTriggers": true,
        "importMissionObjectives": true,
        "importWayPoints": true,
        "importDialogs": true,
        "showAreas": true,
        "showUnits": true,
        "showTriggers": true,
        "showMissionObjectives": true,
        "showWayPoints": true,
        "showDialogs": true,
        "excludes": {}
      },
      {
        "file": "gameData/missions/templates/plane_templates/destroy_bomb_areas_template.blk",
        "importAreas": true,
        "importUnits": true,
        "importTriggers": true,
        "importMissionObjectives": true,
        "importWayPoints": true,
        "importDialogs": true,
        "showAreas": true,
        "showUnits": true,
        "showTriggers": true,
        "showMissionObjectives": true,
        "showWayPoints": true,
        "showDialogs": true,
        "excludes": {}
      },
      {
        "file": "gameData/missions/templates/plane_templates/destroy_airfield_zone_template.blk",
        "importAreas": true,
        "importUnits": true,
        "importTriggers": true,
        "importMissionObjectives": true,
        "importWayPoints": true,
        "importDialogs": true,
        "showAreas": true,
        "showUnits": true,
        "showTriggers": true,
        "showMissionObjectives": true,
        "showWayPoints": true,
        "showDialogs": true,
        "excludes": {}
      },
      {
        "file": "gameData/missions/templates/plane_templates/gs_objectives_template.blk",
        "importAreas": true,
        "importUnits": true,
        "importTriggers": true,
        "importMissionObjectives": true,
        "importWayPoints": true,
        "importDialogs": true,
        "showAreas": true,
        "showUnits": true,
        "showTriggers": true,
        "showMissionObjectives": true,
        "showWayPoints": true,
        "showDialogs": true,
        "excludes": {}
      },
      {
        "file": "gameData/missions/templates/plane_templates/arcade_spawner.blk",
        "importAreas": true,
        "importUnits": true,
        "importTriggers": true,
        "importMissionObjectives": true,
        "importWayPoints": true,
        "importDialogs": true,
        "showAreas": true,
        "showUnits": true,
        "showTriggers": true,
        "showMissionObjectives": true,
        "showWayPoints": true,
        "showDialogs": true,
        "excludes": {}
      },
      {
        "file": "gameData/missions/templates/plane_templates/aat_aaa_template.blk",
        "importAreas": true,
        "importUnits": true,
        "importTriggers": true,
        "importMissionObjectives": true,
        "importWayPoints": true,
        "importDialogs": true,
        "showAreas": true,
        "showUnits": true,
        "showTriggers": true,
        "showMissionObjectives": true,
        "showWayPoints": true,
        "showDialogs": true,
        "excludes": {}
      }
    ]
  },
  "triggers": {
    "isCategory": true,
    "is_enabled": true,
    "start_mission": {
      "is_enabled": true,
      "comments": "",
      "props": {
        "actionsType": "PERFORM_ONE_BY_ONE",
        "conditionsType": "ALL",
        "enableAfterComplete": false
      },
      "events": {
        "initMission": {}
      },
      "conditions": {},
      "actions": {
        "varSetBool": [
          {
            "value": false,
            "var": "barabashka_enabled"
          },
          {
            "value": true,
            "var": "isBombingZonesAffect"
          }
        ],
        "varSetInt": [
          {
            "value": 4,
            "var": "max_bomb_areas"
          },
          {
            "value": 600,
            "var": "long_time_is"
          },
          {
            "value": 900,
            "var": "long_time_arcade_timer"
          },
          {
            "value": 64000,
            "var": "long_time_arcade_distance"
          }
        ],
        "comment": [
          {
            "value": "zadaem nachal'nuyu skorost' unichtozheniya nazemki"
          },
          {
            "value": "zadaem znacheniya dlya predotvrashcheniya dlinnyh sessij"
          },
          {
            "value": "nachinaetsya logika missii"
          }
        ],
        "varSetReal": [
          {
            "value": 1800.0,
            "var": [
              "arcade_destroy_timer",
              "historical_destroy_timer"
            ]
          },
          {
            "value": 250.0,
            "var": "nearDamageDistance"
          }
        ],
        "unitSetIndication": [
          {
            "set": true,
            "target_marking": 0,
            "object_var_name": "",
            "object_var_comp_op": "equal",
            "object_var_value": 0,
            "target": "t1_quest_units_squad",
            "team": "B"
          },
          {
            "set": true,
            "target_marking": 0,
            "object_var_name": "",
            "object_var_comp_op": "equal",
            "object_var_value": 0,
            "target": "t2_quest_units_squad",
            "team": "A"
          }
        ],
        "unitSetProperties": [
          {
            "object_marking": 0,
            "object_var_name": "",
            "object_var_comp_op": "equal",
            "object_var_value": 0,
            "object": [
              "t1_tanks_squad",
              "t2_tanks_squad",
              "t1_bunkers_squad",
              "t2_bunkers_squad",
              "t1_art_squad",
              "t2_art_squad"
            ],
            "accuracy": 0.0,
            "effShootingRate": 0.0
          },
          {
            "object_marking": 0,
            "object_var_name": "",
            "object_var_comp_op": "equal",
            "object_var_value": 0,
            "object": [
              "t1_trucks_squad",
              "t2_trucks_squad",
              "t1_aaa_squad",
              "t2_aaa_squad"
            ],
            "accuracy": 0.1,
            "effShootingRate": 0.0,
            "airEffShootingRate": 0.1,
            "fireRandom": true,
            "targetChangeInterval": 5.0,
            "targetChangeProb": 0.25
          }
        ]
      },
      "else_actions": {}
    },
    "update_indicators": {
      "is_enabled": false,
      "comments": "",
      "props": {
        "actionsType": "PERFORM_ONE_BY_ONE",
        "conditionsType": "ALL",
        "enableAfterComplete": true
      },
      "events": {
        "periodicEvent": {
          "time": 1.0
        }
      },
      "conditions": {},
      "actions": {
        "missionSetTargetsIndicator": [
          {
            "target_type": "isActive",
            "target_marking": 0,
            "delta": 0,
            "icon": "tank",
            "icon army": 1,
            "set": true,
            "object_var_name": "",
            "object_var_comp_op": "equal",
            "object_var_value": 0,
            "target": "t1_quest_units_squad"
          },
          {
            "target_type": "isActive",
            "target_marking": 0,
            "delta": 0,
            "icon": "tank",
            "icon army": 2,
            "set": true,
            "object_var_name": "",
            "object_var_comp_op": "equal",
            "object_var_value": 0,
            "target": "t2_quest_units_squad"
          }
        ]
      },
      "else_actions": {}
    }
  },
  "mission_objectives": {
    "isCategory": true,
    "is_enabled": true
  },
  "variables": {},
  "dialogs": {},
  "airfields": {},
  "effects": {},
  "units": {
    "objectGroups": [
      {
        "name": "t1_airfield",
        "tm": [
          [
            -0.288428,
            0.0,
            0.957502
          ],
          [
            0.0,
            1.0,
            0.0
          ],
          [
            -0.957502,
            0.0,
            -0.288428
          ],
          [
            -6600.4,
            306.4,
            5238.48
          ]
        ],
        "unit_class": "dynaf_universal_1line_c_snow_nolight",
        "objLayer": 2,
        "props": {
          "army": 1,
          "active": true
        }
      },
      {
        "name": "t2_airfield",
        "tm": [
          [
            0.447559,
            0.0,
            -0.894256
          ],
          [
            0.0,
            1.0,
            0.0
          ],
          [
            0.894256,
            0.0,
            0.447559
          ],
          [
            8865.95,
            9.1,
            -3825.6
          ]
        ],
        "unit_class": "dynaf_universal_1line_c_snow_nolight",
        "objLayer": 2,
        "props": {
          "army": 2,
          "active": true
        }
      },
      {
        "name": "objectGroups_01",
        "tm": [
          [
            -0.547004,
            0.0165373,
            -0.836967
          ],
          [
            0.0090472,
            0.999863,
            0.0138431
          ],
          [
            0.837081,
            0.0,
            -0.547079
          ],
          [
            -1077.31,
            28.25,
            1956.99
          ]
        ],
        "unit_class": "dynTrench_small_bunker_axis",
        "objLayer": 2,
        "props": {
          "army": 0,
          "active": true
        }
      },
      {
        "name": "objectGroups_02",
        "tm": [
          [
            -0.998886,
            0.0119755,
            -0.0456396
          ],
          [
            0.0114949,
            0.999875,
            0.0107774
          ],
          [
            0.0457618,
            0.0102408,
            -0.9989
          ],
          [
            1191.05,
            59.85,
            3275.7
          ]
        ],
        "unit_class": "dynTrench_small_bunker_axis",
        "objLayer": 2,
        "props": {
          "army": 0,
          "active": true
        }
      },
      {
        "name": "objectGroups_03",
        "tm": [
          [
            0.204938,
            -0.0118817,
            -0.978703
          ],
          [
            0.000550832,
            0.999927,
            -0.012024
          ],
          [
            0.978776,
            0.00192512,
            0.20493
          ],
          [
            -1245.09,
            65.3,
            -500.14
          ]
        ],
        "unit_class": "dynTrench_small_bunker_axis",
        "objLayer": 2,
        "props": {
          "army": 0,
          "active": true
        }
      },
      {
        "name": "objectGroups_07",
        "tm": [
          [
            0.656367,
            0.0486333,
            0.752872
          ],
          [
            -0.0110258,
            0.998431,
            -0.0548832
          ],
          [
            -0.754361,
            0.0277225,
            0.655874
          ],
          [
            3361.05,
            14.3,
            -1086.85
          ]
        ],
        "unit_class": "dynTrench_small_bunker_axis",
        "objLayer": 2,
        "props": {
          "army": 0,
          "active": true
        }
      },
      {
        "name": "objectGroups_08",
        "tm": [
          [
            -0.186976,
            0.0384276,
            0.981613
          ],
          [
            0.00629712,
            0.99926,
            -0.037919
          ],
          [
            -0.982345,
            -0.000908665,
            -0.18708
          ],
          [
            3726.45,
            55.95,
            2055.3
          ]
        ],
        "unit_class": "dynTrench_small_bunker_axis",
        "objLayer": 2,
        "props": {
          "army": 0,
          "active": true
        }
      },
      {
        "name": "objectGroups_09",
        "tm": [
          [
            0.987174,
            -0.00453405,
            0.159586
          ],
          [
            0.003122,
            0.999953,
            0.0090978
          ],
          [
            -0.159621,
            -0.00848289,
            0.987142
          ],
          [
            1193.87,
            4.95,
            -1888.95
          ]
        ],
        "unit_class": "dynTrench_small_bunker_axis",
        "objLayer": 2,
        "props": {
          "army": 0,
          "active": true
        }
      },
      {
        "name": "t1_bomb_target_02",
        "tm": [
          [
            -0.547079,
            0.0,
            -0.837081
          ],
          [
            0.0,
            1.0,
            0.0
          ],
          [
            0.837081,
            0.0,
            -0.547079
          ],
          [
            -6086.52,
            48.65,
            -101.498
          ]
        ],
        "unit_class": "dynBase_oil_storage_large_square",
        "objLayer": 2,
        "props": {
          "army": 1,
          "active": true
        }
      },
      {
        "name": "t1_bomb_target_03",
        "tm": [
          [
            -0.547079,
            0.0,
            -0.837081
          ],
          [
            0.0,
            1.0,
            0.0
          ],
          [
            0.837081,
            0.0,
            -0.547079
          ],
          [
            -6492.11,
            30.1,
            -4542.3
          ]
        ],
        "unit_class": "dynBase_hq_camp_square",
        "objLayer": 2,
        "props": {
          "army": 1,
          "active": true
        }
      },
      {
        "name": "t1_bomb_target_01",
        "tm": [
          [
            0.075556,
            0.0,
            -0.997141
          ],
          [
            0.0,
            1.0,
            0.0
          ],
          [
            0.997141,
            0.0,
            0.075556
          ],
          [
            1158.85,
            255.7,
            9762.36
          ]
        ],
        "unit_class": "dynBase_petrol_camp_square",
        "objLayer": 2,
        "props": {
          "army": 1,
          "active": true
        }
      },
      {
        "name": "t2_bomb_target_02",
        "tm": [
          [
            -0.547079,
            0.0,
            -0.837081
          ],
          [
            0.0,
            1.0,
            0.0
          ],
          [
            0.837081,
            0.0,
            -0.547079
          ],
          [
            4797.72,
            28.95,
            -5670.29
          ]
        ],
        "unit_class": "dynBase_petrol_camp_square",
        "objLayer": 2,
        "props": {
          "army": 2,
          "active": true
        }
      },
      {
        "name": "t2_bomb_target_03",
        "tm": [
          [
            -0.547079,
            0.0,
            -0.837081
          ],
          [
            0.0,
            1.0,
            0.0
          ],
          [
            0.837081,
            0.0,
            -0.547079
          ],
          [
            8158.1,
            273.6,
            6260.1
          ]
        ],
        "unit_class": "dynBase_military_base_square",
        "objLayer": 2,
        "props": {
          "army": 2,
          "active": true
        }
      },
      {
        "name": "t2_bomb_target_01",
        "tm": [
          [
            -0.92827,
            0.0,
            -0.371906
          ],
          [
            0.0,
            1.0,
            0.0
          ],
          [
            0.371906,
            0.0,
            -0.92827
          ],
          [
            -685.384,
            43.15,
            -8642.17
          ]
        ],
        "unit_class": "dynBase_ammunition_camp_square",
        "objLayer": 2,
        "props": {
          "army": 2,
          "active": true
        }
      },
      {
        "name": "t1_bomb_target_04",
        "tm": [
          [
            -0.547079,
            0.0,
            -0.837081
          ],
          [
            0.0,
            1.0,
            0.0
          ],
          [
            0.837081,
            0.0,
            -0.547079
          ],
          [
            -2099.73,
            316.5,
            6840.25
          ]
        ],
        "unit_class": "dynBase_small_factory_square",
        "objLayer": 2,
        "props": {
          "army": 1,
          "active": true
        }
      },
      {
        "name": "t2_bomb_target_04",
        "tm": [
          [
            -0.547079,
            0.0,
            -0.837081
          ],
          [
            0.0,
            1.0,
            0.0
          ],
          [
            0.837081,
            0.0,
            -0.547079
          ],
          [
            8089.21,
            110.149,
            983.978
          ]
        ],
        "unit_class": "dynBase_hq_camp_square",
        "objLayer": 2,
        "props": {
          "army": 2,
          "active": true
        }
      },
      {
        "name": "no_trees_01",
        "tm": [
          [
            0.0840627,
            0.026177,
            -0.996116
          ],
          [
            -0.00220127,
            0.999657,
            0.0260843
          ],
          [
            0.996458,
            0.0,
            0.0840925
          ],
          [
            1152.95,
            246.792,
            2596.31
          ]
        ],
        "unit_class": "noTreeObjectGroup",
        "objLayer": 2,
        "props": {
          "army": 0,
          "active": true
        }
      },
      {
        "name": "no_trees_03",
        "tm": [
          [
            -0.963228,
            0.026177,
            -0.267406
          ],
          [
            0.025223,
            0.999657,
            0.00700225
          ],
          [
            0.267497,
            0.0,
            -0.963559
          ],
          [
            2803.56,
            246.792,
            1751.83
          ]
        ],
        "unit_class": "noTreeObjectGroup",
        "objLayer": 2,
        "props": {
          "army": 0,
          "active": true
        }
      },
      {
        "name": "no_trees_04",
        "tm": [
          [
            -0.771311,
            0.026177,
            0.635919
          ],
          [
            0.0201975,
            0.999657,
            -0.0166522
          ],
          [
            -0.636137,
            0.0,
            -0.771575
          ],
          [
            2804.99,
            246.792,
            -388.802
          ]
        ],
        "unit_class": "noTreeObjectGroup",
        "objLayer": 2,
        "props": {
          "army": 0,
          "active": true
        }
      },
      {
        "name": "no_trees_05",
        "tm": [
          [
            -0.170994,
            0.026177,
            0.984924
          ],
          [
            0.00447768,
            0.999657,
            -0.0257912
          ],
          [
            -0.985262,
            0.0,
            -0.171053
          ],
          [
            1067.03,
            256.316,
            -1218.0
          ]
        ],
        "unit_class": "noTreeObjectGroup",
        "objLayer": 2,
        "props": {
          "army": 0,
          "active": true
        }
      },
      {
        "name": "no_trees_06",
        "tm": [
          [
            0.833831,
            0.026177,
            -0.551397
          ],
          [
            -0.0218347,
            0.999657,
            0.0144389
          ],
          [
            0.551586,
            0.0,
            0.834118
          ],
          [
            -409.447,
            246.792,
            1620.5
          ]
        ],
        "unit_class": "noTreeObjectGroup",
        "objLayer": 2,
        "props": {
          "army": 0,
          "active": true
        }
      },
      {
        "name": "objectGroups_10",
        "tm": [
          [
            0.797799,
            0.0157472,
            0.602717
          ],
          [
            -0.0131148,
            0.999875,
            -0.00876397
          ],
          [
            -0.602781,
            -0.000912672,
            0.797906
          ],
          [
            2411.46,
            7.95,
            -1424.08
          ]
        ],
        "unit_class": "dynTrench_small_bunker_axis",
        "objLayer": 2,
        "props": {
          "army": 0,
          "active": true
        }
      },
      {
        "name": "objectGroups_11",
        "tm": [
          [
            0.178018,
            0.0157472,
            0.9839
          ],
          [
            -0.00370185,
            0.999875,
            -0.015333
          ],
          [
            -0.98402,
            -0.000912672,
            0.178054
          ],
          [
            3311.3,
            5.5,
            419.9
          ]
        ],
        "unit_class": "dynTrench_small_bunker_axis",
        "objLayer": 2,
        "props": {
          "army": 0,
          "active": true
        }
      },
      {
        "name": "no_trees_07",
        "tm": [
          [
            -0.987071,
            0.026177,
            0.158128
          ],
          [
            0.0258474,
            0.999657,
            -0.00414077
          ],
          [
            -0.158182,
            0.0,
            -0.987409
          ],
          [
            3625.97,
            144.831,
            353.369
          ]
        ],
        "unit_class": "noTreeObjectGroup",
        "objLayer": 2,
        "props": {
          "army": 0,
          "active": true
        }
      },
      {
        "name": "no_trees_08",
        "tm": [
          [
            -0.962307,
            0.026177,
            0.270699
          ],
          [
            0.0251989,
            0.999657,
            -0.00708849
          ],
          [
            -0.270791,
            0.0,
            -0.962638
          ],
          [
            3634.06,
            246.792,
            -242.191
          ]
        ],
        "unit_class": "noTreeObjectGroup",
        "objLayer": 2,
        "props": {
          "army": 0,
          "active": true
        }
      },
      {
        "name": "no_trees_09",
        "tm": [
          [
            -0.998859,
            0.026177,
            0.0399559
          ],
          [
            0.026156,
            0.999657,
            -0.00104625
          ],
          [
            -0.0399702,
            0.0,
            -0.999201
          ],
          [
            3534.38,
            246.792,
            1422.44
          ]
        ],
        "unit_class": "noTreeObjectGroup",
        "objLayer": 2,
        "props": {
          "army": 0,
          "active": true
        }
      },
      {
        "name": "no_trees_10",
        "tm": [
          [
            -0.371646,
            0.026177,
            0.928005
          ],
          [
            0.00973194,
            0.999657,
            -0.0243007
          ],
          [
            -0.928324,
            0.0,
            -0.371774
          ],
          [
            2002.53,
            246.792,
            -1762.38
          ]
        ],
        "unit_class": "noTreeObjectGroup",
        "objLayer": 2,
        "props": {
          "army": 0,
          "active": true
        }
      },
      {
        "name": "no_trees_11",
        "tm": [
          [
            -0.703693,
            0.026177,
            0.710022
          ],
          [
            0.0184269,
            0.999657,
            -0.0185926
          ],
          [
            -0.710266,
            0.0,
            -0.703934
          ],
          [
            2092.68,
            246.792,
            -850.902
          ]
        ],
        "unit_class": "noTreeObjectGroup",
        "objLayer": 2,
        "props": {
          "army": 0,
          "active": true
        }
      },
      {
        "name": "no_trees_12",
        "tm": [
          [
            0.913069,
            0.026177,
            -0.406964
          ],
          [
            -0.0239096,
            0.999657,
            0.0106568
          ],
          [
            0.407104,
            0.0,
            0.913382
          ],
          [
            -1441.27,
            246.792,
            585.692
          ]
        ],
        "unit_class": "noTreeObjectGroup",
        "objLayer": 2,
        "props": {
          "army": 0,
          "active": true
        }
      },
      {
        "name": "no_trees_13",
        "tm": [
          [
            0.913069,
            0.026177,
            -0.406964
          ],
          [
            -0.0239096,
            0.999657,
            0.0106568
          ],
          [
            0.407104,
            0.0,
            0.913382
          ],
          [
            -1281.03,
            246.792,
            1580.5
          ]
        ],
        "unit_class": "noTreeObjectGroup",
        "objLayer": 2,
        "props": {
          "army": 0,
          "active": true
        }
      },
      {
        "name": "no_trees_14",
        "tm": [
          [
            0.350617,
            0.026177,
            -0.936152
          ],
          [
            -0.00918127,
            0.999657,
            0.0245141
          ],
          [
            0.936474,
            0.0,
            0.350738
          ],
          [
            89.9015,
            246.792,
            3019.56
          ]
        ],
        "unit_class": "noTreeObjectGroup",
        "objLayer": 2,
        "props": {
          "army": 0,
          "active": true
        }
      },
      {
        "name": "objectGroups_04",
        "tm": [
          [
            -0.547004,
            0.0165373,
            -0.836967
          ],
          [
            0.0090472,
            0.999863,
            0.0138431
          ],
          [
            0.837081,
            0.0,
            -0.547079
          ],
          [
            -600.92,
            10.65,
            3146.81
          ]
        ],
        "unit_class": "dynTrench_small_bunker_axis",
        "objLayer": 2,
        "props": {
          "army": 0,
          "active": true
        }
      },
      {
        "name": "objectGroups_05",
        "tm": [
          [
            -0.242091,
            0.00342724,
            -0.970248
          ],
          [
            -0.0666705,
            0.997571,
            0.020159
          ],
          [
            0.967961,
            0.0695672,
            -0.241275
          ],
          [
            -1938.56,
            47.85,
            457.334
          ]
        ],
        "unit_class": "dynTrench_small_bunker_axis",
        "objLayer": 2,
        "props": {
          "army": 0,
          "active": true
        }
      },
      {
        "name": "objectGroups_06",
        "tm": [
          [
            0.204684,
            -0.0238713,
            -0.978537
          ],
          [
            0.014747,
            0.999664,
            -0.021302
          ],
          [
            0.978718,
            -0.0100703,
            0.204967
          ],
          [
            -1949.51,
            21.15,
            -836.21
          ]
        ],
        "unit_class": "dynTrench_small_bunker_axis",
        "objLayer": 2,
        "props": {
          "army": 0,
          "active": true
        }
      },
      {
        "name": "objectGroups_12",
        "tm": [
          [
            -0.9984,
            0.0329284,
            -0.0459569
          ],
          [
            0.0331172,
            0.999445,
            -0.00335396
          ],
          [
            0.0458196,
            -0.00487054,
            -0.998937
          ],
          [
            801.931,
            59.2,
            3800.47
          ]
        ],
        "unit_class": "dynTrench_small_bunker_axis",
        "objLayer": 2,
        "props": {
          "army": 0,
          "active": true
        }
      },
      {
        "name": "objectGroups_13",
        "tm": [
          [
            -0.186849,
            0.0338363,
            0.981806
          ],
          [
            0.00978579,
            0.99942,
            -0.0325811
          ],
          [
            -0.982341,
            0.00351992,
            -0.187073
          ],
          [
            4146.97,
            58.55,
            1778.11
          ]
        ],
        "unit_class": "dynTrench_small_bunker_axis",
        "objLayer": 2,
        "props": {
          "army": 0,
          "active": true
        }
      },
      {
        "name": "objectGroups_14",
        "tm": [
          [
            0.987174,
            -0.00453405,
            0.159586
          ],
          [
            0.003122,
            0.999953,
            0.0090978
          ],
          [
            -0.159621,
            -0.00848289,
            0.987142
          ],
          [
            1888.33,
            10.05,
            -2508.76
          ]
        ],
        "unit_class": "dynTrench_small_bunker_axis",
        "objLayer": 2,
        "props": {
          "army": 0,
          "active": true
        }
      },
      {
        "name": "objectGroups_15",
        "tm": [
          [
            -0.187561,
            0.022514,
            0.981995
          ],
          [
            -0.0128896,
            0.999594,
            -0.0253795
          ],
          [
            -0.982169,
            -0.0174178,
            -0.187195
          ],
          [
            3632.5,
            65.45,
            2576.05
          ]
        ],
        "unit_class": "dynTrench_small_bunker_axis",
        "objLayer": 2,
        "props": {
          "army": 0,
          "active": true
        }
      },
      {
        "name": "objectGroups_16",
        "tm": [
          [
            0.987026,
            -0.00932246,
            0.160293
          ],
          [
            0.0144973,
            0.999409,
            -0.0311446
          ],
          [
            -0.159909,
            0.0330644,
            0.986578
          ],
          [
            724.014,
            19.15,
            -2823.03
          ]
        ],
        "unit_class": "dynTrench_small_bunker_axis",
        "objLayer": 2,
        "props": {
          "army": 0,
          "active": true
        }
      }
    ],
    "armada": {
      "name": "t1_player01",
      "tm": [
        [
          -0.547079,
          0.0,
          -0.837081
        ],
        [
          0.0,
          1.0,
          0.0
        ],
        [
          0.837081,
          0.0,
          -0.547079
        ],
        [
          991.715,
          607.402,
          543.839
        ]
      ],
      "unit_class": "he51c1",
      "objLayer": 1,
      "closed_waypoints": false,
      "isShipSpline": false,
      "shipTurnRadius": 100.0,
      "weapons": "",
      "bullets0": "",
      "bullets1": "",
      "bullets2": "",
      "bullets3": "",
      "bulletsCount0": 0,
      "bulletsCount1": 0,
      "bulletsCount2": 0,
      "bulletsCount3": 0,
      "crewSkillK": 0.0,
      "applyAllMods": false,
      "props": {
        "army": 2,
        "count": 1,
        "free_distance": 70.0,
        "floating_distance": 50.0,
        "minimum_distance_to_earth": 20.0,
        "altLimit": 6000.0,
        "attack_type": "fire_at_will",
        "skill": 4,
        "player": true,
        "plane": {
          "wing_formation": "Diamond",
          "row_distances": 3.0,
          "col_distances": 3.0,
          "super_formation": "Diamond",
          "super_row_distances": 1.5,
          "super_col_distances": 1.5,
          "ai_skill": "NORMAL",
          "task": "FLY_WAYPOINT"
        }
      },
      "way": {}
    },
    "tracked_vehicles": [
      {
        "name": "t1_tank_01",
        "tm": [
          [
            0.972229,
            0.0,
            -0.234035
          ],
          [
            0.0,
            1.0,
            0.0
          ],
          [
            0.234035,
            0.0,
            0.972229
          ],
          [
            -1965.47,
            217.152,
            885.278
          ]
        ],
        "unit_class": "germ_pzIIf",
        "objLayer": 1,
        "closed_waypoints": false,
        "isShipSpline": false,
        "shipTurnRadius": 100.0,
        "weapons": "",
        "bullets0": "",
        "bullets1": "",
        "bullets2": "",
        "bullets3": "",
        "bulletsCount0": 0,
        "bulletsCount1": 0,
        "bulletsCount2": 0,
        "bulletsCount3": 0,
        "crewSkillK": 0.0,
        "applyAllMods": false,
        "props": {
          "army": 1,
          "count": 4,
          "formation_type": "rows",
          "formation_div": 2,
          "formation_step": [
            24.0,
            6.0
          ],
          "formation_noise": [
            0.4,
            0.5
          ],
          "uniqueName": "",
          "attack_type": "fire_at_will"
        },
        "way": {
          "t1_tank_01_wp_01": {
            "type": "normal",
            "tm": [
              [
                1.0,
                0.0,
                0.0
              ],
              [
                0.0,
                1.0,
                0.0
              ],
              [
                0.0,
                0.0,
                1.0
              ],
              [
                -236.766,
                57.7524,
                75.2803
              ]
            ],
            "props": {
              "speed": 30.0,
              "moveType": "MOVETO_STRAIGHT",
              "tas": false,
              "shouldKeepFormation": false,
              "canUsePathFinder": false
            }
          },
          "t1_tank_01_wp_02": {
            "type": "normal",
            "tm": [
              [
                1.0,
                0.0,
                0.0
              ],
              [
                0.0,
                1.0,
                0.0
              ],
              [
                0.0,
                0.0,
                1.0
              ],
              [
                784.707,
                39.8021,
                -2435.51
              ]
            ],
            "props": {
              "speed": 30.0,
              "moveType": "MOVETO_STRAIGHT",
              "tas": false,
              "shouldKeepFormation": false,
              "canUsePathFinder": false
            }
          },
          "t1_tank_01_wp_03": {
            "type": "normal",
            "tm": [
              [
                1.0,
                0.0,
                0.0
              ],
              [
                0.0,
                1.0,
                0.0
              ],
              [
                0.0,
                0.0,
